2.481525056066295143e+00
2.629252976450461077e+00
2.570672006941528753e+00
2.512820099081314318e+00
2.456323509098231828e+00
2.401147113541227895e+00
2.347254685631428028e+00
2.294611344876970271e+00
2.243183501707086691e+00
2.192938794439035277e+00
2.143846029562327615e+00
2.095875125228412905e+00
2.048997057782595999e+00
2.003183811181427743e+00
1.958408329145405080e+00
1.914644469903378221e+00
1.871866963391540573e+00
1.830051370776184738e+00
1.789174046175522337e+00
1.749212100461914998e+00
1.710143367031486283e+00
1.671946369433861879e+00
1.634600290759881336e+00
1.598084944690548070e+00
1.562380748115238083e+00
1.527468695231966267e+00
1.493330333047106828e+00
1.459947738196150091e+00
1.427303495011394974e+00
1.395380674766215856e+00
1.364162816029439451e+00
1.333633906066852948e+00
1.303778363230335913e+00
1.274581020278266363e+00
1.246027108573964925e+00
1.218102243111877314e+00
1.190792408323900764e+00
1.164083944620984301e+00
1.137963535627520173e+00
1.112418196068535758e+00
1.087435260271810922e+00
1.063002371249290201e+00
1.039107470324112104e+00
1.015738787271497579e+00
9.928848309435627240e-01
9.705343803498509558e-01
9.486764761669647106e-01
9.273004126522509383e-01
9.063957299379274968e-01
8.859522066834240039e-01
-2.057931727766182561e+01
-4.169142643898053890e+00
-4.078477605575113962e+00
-3.983810699832827762e+00
-3.890635663145077139e+00
-3.799926100290300646e+00
-3.711597786166128898e+00
-3.625570158212926053e+00
-3.541766198679596744e+00
-3.460112264927941883e+00
-3.380537926389610703e+00
-3.302975808197610164e+00
-3.227361441455932844e+00
-3.153633120067472984e+00
-3.081731764004945084e+00
-3.011600788881557911e+00
-2.943185981656269767e+00
-2.876435382291926413e+00
-2.811299171172204847e+00
-2.747729562074920029e+00
-2.685680700493768835e+00
-2.625108567097713674e+00
-2.565970886116696548e+00
-2.508227038443195056e+00
-2.451837979241850540e+00
-2.396766159862827816e+00
-2.342975453859257762e+00
-2.290431086914181957e+00
-2.239099570488275237e+00
-2.188948639005801056e+00
-2.139947190402495369e+00
-2.092065229865823550e+00
-2.045273816604693540e+00
-1.999545013492266765e+00
-1.954851839432280691e+00
-1.911168224305864971e+00
-1.868468966362147654e+00
-1.826729691922376331e+00
-1.785926817273377987e+00
-1.746037512632068855e+00
-1.707039668068598415e+00
-1.668911861281109799e+00
-1.631633327120612487e+00
-1.595183928769437376e+00
-1.559544130481789193e+00
-1.524694971799570586e+00
-1.490618043161153539e+00
-1.457295462825139110e+00
-1.424709855035173778e+00
-1.392844329355934718e+00
2.038235294117646745e+01
3.839915317664403194e+00
3.748369937997333867e+00
3.661386414847668469e+00
3.576658711973360383e+00
3.494111530040165725e+00
3.413673110296373991e+00
3.335274814521973941e+00
3.258850972480613617e+00
3.184338736008327508e+00
3.111677939597351727e+00
3.040810967342821858e+00
2.971682626095674795e+00
2.904240024646339791e+00
2.838432458749951870e+00
2.774211301793629847e+00
2.711529900899944057e+00
2.650343478256640850e+00
2.590609037461298669e+00
2.532285274669922259e+00
2.475332494340410694e+00
2.419712529364931974e+00
2.365388665389594802e+00
2.312325569124533242e+00
2.260489220453249182e+00
2.209846848156005628e+00
2.160366869068271800e+00
2.112018830501936950e+00
2.064773355763473539e+00
2.018602092609967258e+00
1.973477664490670858e+00
1.929373624428204703e+00
1.886264411400131458e+00
1.844125309087973452e+00
1.802932406866886605e+00
1.762662562915354947e+00
1.723293369329928382e+00
1.684803119135852789e+00
1.647170775089763950e+00
1.610375940175805543e+00
1.574398829701700642e+00
1.539220244905902479e+00
1.504821547991747721e+00
1.471184638508732379e+00
1.438291931005434066e+00
1.406126333882411039e+00
1.374671229377356640e+00
1.343910454618353567e+00
1.313828283684558507e+00
1.284409410616906833e+00
9.243243243243243867e+00
-3.849957372060873517e+00
-3.760753579705364835e+00
-3.673447837456264686e+00
-3.588408399640203861e+00
-3.505559805191095002e+00
-3.424829845190586308e+00
-3.346149453124782625e+00
-3.269452551452680655e+00
-3.194675904775049258e+00
-3.121758979514671850e+00
-3.050643809979637577e+00
-2.981274870655996612e+00
-2.913598954556842813e+00
-2.847565057440040626e+00
-2.783124267696583942e+00
-2.720229661704174351e+00
-2.658836204436753281e+00
-2.598900655118552283e+00
-2.540381477711622260e+00
-2.483238756027383864e+00
-2.427434113255720671e+00
-2.372930635709393776e+00
-2.319692800586122594e+00
-2.267686407556434247e+00
-2.216878513991087818e+00
-2.167237373648337684e+00
-2.118732378647686154e+00
-2.071334004563451181e+00
-2.025013758478121595e+00
-1.979744129842167188e+00
-1.935498543993601217e+00
-1.892251318197034404e+00
-1.849977620068451678e+00
-1.808653428258052642e+00
-1.768255495269667632e+00
-1.728761312301017927e+00
-1.690149075994830552e+00
-1.652397656996246189e+00
-1.615486570217223861e+00
-1.579395946713651355e+00
-1.544106507085778679e+00
-1.509599536317097090e+00
-1.475856859971398594e+00
-1.442860821671719807e+00
-1.410594261789119175e+00
-1.379040497272999266e+00
-1.348183302558290331e+00
-1.318006891488380239e+00
-1.288495900195921751e+00
1.011549334966496616e+01
1.828145930476868131e+00
1.669998164582589428e+00
1.627829532930652912e+00
1.591243800079465753e+00
1.555680490034796470e+00
1.520916393575876713e+00
1.486923111252139496e+00
1.453682278860272792e+00
1.421176543450642926e+00
1.389389064665157880e+00
1.358303467681839738e+00
1.327903823078406598e+00
1.298174629285405279e+00
1.269100796069027259e+00
1.240667628890117280e+00
1.212860814082253436e+00
1.185666404801308804e+00
1.159070807702014649e+00
1.133060770299543663e+00
1.107623368976484723e+00
1.082745997597856835e+00
1.058416356698819394e+00
1.034622443211831611e+00
1.011352540701829117e+00
9.885952100798606201e-01
9.663392807672183116e-01
9.445738422838136916e-01
9.232882362360069761e-01
9.024720486805229980e-01
8.821151028425406881e-01
8.622074521672012937e-01
8.427393736851229722e-01
8.237013616735583410e-01
8.050841215960102826e-01
7.868785643040688838e-01
7.690758004862430219e-01
7.516671353495094632e-01
7.346440635200902625e-01
7.179982641508376728e-01
7.017215962233793736e-01
6.858060940338885914e-01
6.702439628519906156e-01
6.550275747430652773e-01
6.401494645447148857e-01
6.256023259887386612e-01
6.113790079606096217e-01
5.974725108888088165e-01
5.838759832569399011e-01
5.705827182319792579e-01
1.688733198868467156e+01
5.072832134571580553e+00
4.930639996394631019e+00
4.796079681287201524e+00
4.668516572027240130e+00
4.547372544382699111e+00
4.432134509287607216e+00
4.322345301127090700e+00
4.217596075871112404e+00
4.117519932709498676e+00
4.029304368302936368e+00
3.934913221628778324e+00
3.843034488148600492e+00
3.753576863732452917e+00
3.666458027085826021e+00
3.581599285608221273e+00
3.498925402197631929e+00
3.418364429015844141e+00
3.339847547927150551e+00
3.263308917598718217e+00
3.188685527202326675e+00
3.115917056618164427e+00
3.044945743010051942e+00
2.975716253616661255e+00
2.908175564584330353e+00
2.842272845652874746e+00
2.777959350495477597e+00
2.715188312507017532e+00
2.653914845831137459e+00
2.594095851414709664e+00
2.535689927878692185e+00
2.478657286996057252e+00
2.422959673570741934e+00
2.368560289515636352e+00
2.315423721932468037e+00
2.263515875002053424e+00
2.212803905499371115e+00
2.163256161754079088e+00
2.114842125883784174e+00
2.067532359133847475e+00
2.021298450164290994e+00
1.976112966131030824e+00
1.931949406415137460e+00
1.888782158860619731e+00
1.846586458387209140e+00
1.805338347851200842e+00
1.765014641033223031e+00
1.725592887637691586e+00
1.687051340194481552e+00
1.649368922758574829e+00
1.800000000000000000e+01
-1.230842168998521391e+00
-9.331080864544071263e-01
-8.272269461544876634e-01
-7.806620709323196516e-01
-7.534767193669527074e-01
-7.330357320130217458e-01
-7.151819221054787068e-01
-6.984929997175289840e-01
-6.824614608161224671e-01
-6.668968141846270958e-01
-6.517223239585376859e-01
-6.369035198162301681e-01
-6.224222104745534834e-01
-6.082667293323502644e-01
-5.944281562132707197e-01
-5.808988078542646205e-01
-5.676716157762000670e-01
-5.547398614633692882e-01
-5.420970595464342789e-01
-5.297369040149736419e-01
-5.176532420184759564e-01
-5.058400600809864756e-01
-4.942914760639625094e-01
-4.830017338754635237e-01
-4.719651995401952238e-01
-4.611763579750663977e-01
-4.506298101525141320e-01
-4.403202704934559009e-01
-4.302425644088570533e-01
-4.203916259470657502e-01
-4.107624955233160069e-01
-4.013503177177334402e-01
-3.921503391334828503e-01
-3.831579063095482685e-01
-3.743684636842563584e-01
-3.657775516065814303e-01
-3.573808043928616285e-01
-3.491739484269171800e-01
-3.411528003018219346e-01
-3.333132650017447407e-01
-3.256513341224359093e-01
-3.181630841290422618e-01
-3.108446746500295732e-01
-3.036923468060753750e-01
-2.967024215728644165e-01
-2.898712981767933017e-01
-2.831954525226442754e-01
-2.766714356523374829e-01
-2.702958722339407482e-01
-1.600000000000000000e+01
5.205356620568880821e+00
5.055822510813245962e+00
4.914541073685946948e+00
4.780830251701106981e+00
4.654045415501697036e+00
4.533616564338496246e+00
4.419037579427842033e+00
4.309857305743408418e+00
4.205672106515940811e+00
4.106119612060674662e+00
4.018140446133621424e+00
3.924053147884524417e+00
3.832461594562803775e+00
3.743281340996414741e+00
3.656430499268055190e+00
3.571830789207148804e+00
3.489407366380280262e+00
3.409088656634817305e+00
3.330806197317453421e+00
3.254494485149570959e+00
3.180090830694330073e+00
3.107535219311968522e+00
3.036770178469542003e+00
2.967740651247180672e+00
2.900393875864566429e+00
2.834679271037609638e+00
2.770548326965490915e+00
2.707954501741810294e+00
2.646853122979774930e+00
2.587201294440196531e+00
2.528957807451217121e+00
2.472083056910875598e+00
2.416538961666918173e+00
2.362288889072267306e+00
2.309297583519808850e+00
2.257531098765503064e+00
2.206956733855051311e+00
2.157542972475475995e+00
2.109259425559733891e+00
2.062076776978854831e+00
2.015966732163020136e+00
1.970901969499510242e+00
1.926856094362112026e+00
1.883803595633035011e+00
1.841719804584752707e+00
1.800580855995441487e+00
1.760363651377522043e+00
1.721045824204924912e+00
1.682605707029990461e+00
1.599999999999999645e+01
-1.917736554186618703e-01
-6.028657158238202030e-01
-7.173850860483181879e-01
-7.430307259901693939e-01
-7.404727233849105472e-01
-7.287498640242882075e-01
-7.140907192604408760e-01
-6.986076819382737169e-01
-6.830402405507826069e-01
-6.676534495704996575e-01
-6.525427339100979829e-01
-6.377408676038059943e-01
-6.232567784743762163e-01
-6.090900808679082790e-01
-5.952366891655739289e-01
-5.816910515091633371e-01
-5.684470640538963337e-01
-5.554984549836800012e-01
-5.428389493976224500e-01
-5.304623411592687132e-01
-5.183625242093058416e-01
-5.065335057802127228e-01
-4.949694113484961466e-01
-4.836644857423095245e-01
-4.726130924358670771e-01
-4.618097119857063060e-01
-4.512489400672913820e-01
-4.409254853361945781e-01
-4.308341672252238297e-01
-4.209699137334329544e-01
-4.113277592351290979e-01
-4.019028423228580005e-01
-3.926904036909784068e-01
-3.836857840626806682e-01
-3.748844221611818406e-01
-3.662818527248605793e-01
-3.578737045654994953e-01
-3.496556986685400159e-01
-3.416236463341480456e-01
-3.337734473578602978e-01
-3.261010882495717356e-01
-3.186026404896787900e-01
-3.112742588212356054e-01
-3.041121795770418967e-01
-2.971127190406104845e-01
-2.902722718400589375e-01
-2.835873093739735840e-01
-2.770543782683915213e-01
-2.706700988640513006e-01
-1.297851963754608740e+01
-5.376934971904692162e+00
-5.217419087529827415e+00
-5.067155020098910612e+00
-4.925254962307174189e+00
-4.790979174945380947e+00
-4.663676707539219812e+00
-4.542772163750560033e+00
-4.427754794697728258e+00
-4.318169452368516126e+00
-4.213609040372325865e+00
-4.113708178365802048e+00
-4.025571790279165008e+00
-3.931284505874956370e+00
-3.839501759032126760e+00
-3.750136841153613787e+00
-3.663107576018381550e+00
-3.578335408950222618e+00
-3.495745234165311910e+00
-3.415265228797260022e+00
-3.336826693596156357e+00
-3.260363900287681638e+00
-3.185813945530498348e+00
-3.113116611371053111e+00
-3.042214232064242907e+00
-2.973051567103557336e+00
-2.905575680285681806e+00
-2.839735824620595483e+00
-2.775483332887733301e+00
-2.712771513632541875e+00
-2.651555552393507931e+00
-2.591792417948393989e+00
-2.533440773368566656e+00
-2.476460891672431330e+00
-2.420814575871796492e+00
-2.366465083209584375e+00
-2.313377053391798555e+00
-2.261516440622586721e+00
-2.210850449256945627e+00
-2.161347472892029220e+00
-2.112977036724615676e+00
-2.065709743008765642e+00
-2.019517219454501689e+00
-1.974372070414969871e+00
-1.930247830716107948e+00
-1.887118921989445308e+00
-1.844960611374913073e+00
-1.803748972466844291e+00
-1.763460848382262691e+00
-1.724073816836576789e+00
-1.800000000000000000e+01
5.298940973323770898e+00
5.143810427466059210e+00
4.997681191015214353e+00
4.859546955272678659e+00
4.728712649527464507e+00
4.604565280157331131e+00
4.486561885435281560e+00
4.374219577698256423e+00
4.267107259235061179e+00
4.164838690054348369e+00
4.074990429315160867e+00
3.979752250346480391e+00
3.886684981647628323e+00
3.796079520918123507e+00
3.707851769401110165e+00
3.621921320543732836e+00
3.538211305171152343e+00
3.456648222073110954e+00
3.377161775248055164e+00
3.299684717821108393e+00
3.224152702597672615e+00
3.150504139170981599e+00
3.078680057467047426e+00
3.008623977582630005e+00
2.940281785750349819e+00
2.873601616248491641e+00
2.808533739061107148e+00
2.745030453085615552e+00
2.683045984679804707e+00
2.622536391337415118e+00
2.563459470280942121e+00
2.505774671761287209e+00
2.449443016856638788e+00
2.394427019566395476e+00
2.340690613000643072e+00
2.288199079470973007e+00
2.236918984294045565e+00
2.186818113125696517e+00
2.137865412649519126e+00
2.090030934450737732e+00
2.043285781912577814e+00
1.997602059979252775e+00
1.952952827636159849e+00
1.909312052964514672e+00
1.866654570634088239e+00
1.824956041703994725e+00
1.784192915607579533e+00
1.744342394203443058e+00
1.705382397780359716e+00
-1.445333553263917636e+01
-3.346474981908499569e+00
-3.272189918885807014e+00
-3.197346186537919799e+00
-3.124363061473228509e+00
-3.053183743429956465e+00
-2.983752621636739821e+00
-2.916016407348582806e+00
-2.849924018649979018e+00
-2.785426470142399413e+00
-2.722476768103994527e+00
-2.661029810912751703e+00
-2.601042294521922482e+00
-2.542472622776503322e+00
-2.485280822361175534e+00
-2.429428462173387260e+00
-2.374878576918741491e+00
-2.321595594731315604e+00
-2.269545268626442347e+00
-2.218694611599773214e+00
-2.169011835192504289e+00
-2.120466291349306864e+00
-2.073028417401907575e+00
-2.026669684018201245e+00
-1.981362545963181843e+00
-1.937080395524862331e+00
-1.893797518464599428e+00
-1.851489052357911724e+00
-1.810130947197841511e+00
-1.769699928139184308e+00
-1.730173460267653063e+00
-1.691529715283766944e+00
-1.653747539996744953e+00
-1.616806426528844431e+00
-1.580686484135790604e+00
-1.545368412553633997e+00
-1.510833476787075913e+00
-1.477063483258764354e+00
-1.444040757243174822e+00
-1.411748121512906629e+00
-1.380168876128840427e+00
-1.349286779309508688e+00
-1.319086029318326192e+00
-1.289551247310745330e+00
-1.260667461086544927e+00
-1.232420089695404064e+00
-1.204794928846831814e+00
-1.177778137078178133e+00
-1.151356222637039295e+00
-1.125516031036776887e+00
2.151219512195121908e+01
2.549168271984068923e+00
2.495411955399411408e+00
2.439339666902674342e+00
2.384559142773047924e+00
2.331051701915971552e+00
2.278782958737629816e+00
2.227719705672093653e+00
2.177829943867370499e+00
2.129082825054409600e+00
2.081448595986894468e+00
2.034898545870490683e+00
1.989404956630940413e+00
1.944941055872919877e+00
1.901480972388111201e+00
1.858999694077220433e+00
1.817473028157032378e+00
1.776877563529738469e+00
1.737190635197501498e+00
1.698390290611113240e+00
1.660455257847011312e+00
1.623364915512229611e+00
1.587099264281958799e+00
1.551638899979258746e+00
1.516964988111138890e+00
1.483059239779729088e+00
1.449903888891393100e+00
1.417481670590908349e+00
1.385775800851534401e+00
1.354769957155601334e+00
1.324448260203708427e+00
1.294795256593987087e+00
1.265795902416098517e+00
1.237435547707576911e+00
1.209699921723132787e+00
1.182575118970081274e+00
1.156047585965852109e+00
1.130104108675823449e+00
1.104731800592162250e+00
1.079918091416479431e+00
1.055650716311316240e+00
1.031917705687320774e+00
1.008707375494981351e+00
9.860083179914845841e-01
9.638093929550048955e-01
9.420997193202736986e-01
9.208686672108694626e-01
9.001058503449793635e-01
8.798011187929045684e-01
8.599445520656678887e-01
1.800000000000000000e+01
-2.000502802483674181e+00
-1.874880255027573606e+00
-1.831010433935085224e+00
-1.790057454369528678e+00
-1.750074107340793717e+00
-1.710986068753336031e+00
-1.672770281236405365e+00
-1.635405861807364580e+00
-1.598872608788391991e+00
-1.563150926118006323e+00
-1.528221795666231619e+00
-1.494066752634632289e+00
-1.460667862346022972e+00
-1.428007698285579608e+00
-1.396069321320132062e+00
-1.364836260029042903e+00
-1.334292492083523740e+00
-1.304422426614829655e+00
-1.275210887514919955e+00
-1.246643097616338514e+00
-1.218704663700830970e+00
-1.191381562289140605e+00
-1.164660126167053722e+00
-1.138527031605121254e+00
-1.112969286231982879e+00
-1.087974217523518750e+00
-1.063529461871952408e+00
-1.039622954201335325e+00
-1.016242918097568282e+00
-9.933778564229472918e-01
-9.710165423870582568e-01
-9.491480110473183851e-01
-9.277615512141107468e-01
-9.068466977368456750e-01
-8.863932241487346708e-01
-8.663911356492696170e-01
-8.468306624047323705e-01
-8.277022531481439405e-01
-8.089965690612426208e-01
-7.907044779220030462e-01
-7.728170485023608816e-01
-7.553255452015534832e-01
-7.382214229015056084e-01
-7.214963220314157821e-01
-7.051420638295815557e-01
-6.891506457911149575e-01
-6.735142372909972419e-01
-6.582251753725220089e-01
-6.432759606918073692e-01
2.508275195221759457e+00
2.161592674138008707e+00
2.109799630684881855e+00
2.062559332823153735e+00
2.016437652649317069e+00
1.971362217325240085e+00
1.927305949162573029e+00
1.884243316772606924e+00
1.842149642713643676e+00
1.801001053650901129e+00
1.760774443357743024e+00
1.721447437918467438e+00
1.682998362826168881e+00
1.645406211867952884e+00
1.608650617699036278e+00
1.572711824012509974e+00
1.537570659216040969e+00
1.503208511531705760e+00
1.469607305439299294e+00
1.436749479387767758e+00
1.404617964703327448e+00
1.373196165626726861e+00
1.342467940415634997e+00
1.312417583451689351e+00
1.283029808294891660e+00
1.254289731631300198e+00
1.226182858062800474e+00
1.198695065690676076e+00
1.171812592447205814e+00
1.145522023132270695e+00
1.119810277114116293e+00
1.094664596655914757e+00
1.070072535831768423e+00
1.046021949997977929e+00
1.022500985787199834e+00
9.994980715951402583e-01
9.770019085309582518e-01
9.550014618044152526e-01
9.334859525241959721e-01
9.124448498834493160e-01
8.918678637098573780e-01
8.717449373589781780e-01
8.520662409308142893e-01
8.328221647907276814e-01
8.140033133769453144e-01
7.956004992780054685e-01
7.776047375644178361e-01
7.600072403597935011e-01
7.427994116376115397e-01
7.259728422305774531e-01
3.090774093566987624e+00
-3.761792772129559648e+00
-3.674776024647262940e+00
-3.589702285442101903e+00
-3.506820480065341972e+00
-3.426058397826033719e+00
-3.347346924967314674e+00
-3.270619939010620758e+00
-3.195814161832516653e+00
-3.122869019245534172e+00
-3.051726506964145713e+00
-2.982331062802718424e+00
-2.914629444932598012e+00
-2.848570616010912548e+00
-2.784105632983024048e+00
-2.721187542353504352e+00
-2.659771280716213937e+00
-2.599813580332240637e+00
-2.541272879544515639e+00
-2.484109237819640104e+00
-2.428284255210495513e+00
-2.373760996037149518e+00
-2.320503916588520621e+00
-2.268478796652670049e+00
-2.217652674689500003e+00
-2.167993786466054118e+00
-2.119471506980885156e+00
-2.072056295510752655e+00
-2.025719643619547039e+00
-1.980434025976000934e+00
-1.936172853833292073e+00
-1.892910431030343288e+00
-1.850621912380774114e+00
-1.809283264321903673e+00
-1.768871227702105475e+00
-1.729363282590785200e+00
-1.690737615000848848e+00
-1.652973085419038757e+00
-1.616049199044740536e+00
-1.579946077642959690e+00
-1.544644432921879140e+00
-1.510125541350255673e+00
-1.476371220334090628e+00
-1.443363805676368239e+00
-1.411086130247745762e+00
-1.379521503799754800e+00
-1.348653693855874192e+00
-1.318466907619243456e+00
-1.288945774839136638e+00
-1.260075331581449687e+00
1.800000000000000000e+01
2.309352882715227373e-01
2.880294071623982766e-01
3.553941784148885175e-01
4.332161993444664239e-01
4.787444889941108173e-01
4.948048107365534132e-01
4.997275637830798645e-01
5.006855766672497765e-01
5.002776101959601762e-01
4.994285515490548555e-01
4.984679748047232684e-01
4.975137641966072000e-01
4.966078109247215600e-01
4.957643803829176465e-01
4.949875609964030088e-01
4.942776440024388984e-01
4.936334883402347939e-01
4.930534095252048221e-01
4.925355185963300464e-01
4.920778534974504237e-01
4.916784311317226597e-01
4.913352687404924368e-01
4.910463932914210794e-01
4.908098461353585518e-01
4.846059292658406181e-01
4.744079023156934083e-01
4.643908968969125972e-01
4.545529863488754763e-01
4.448922256436452782e-01
4.354066432032835388e-01
4.260942429540116594e-01
4.169530063499665151e-01
4.079808943642134755e-01
3.991758494448306438e-01
3.905357974340382121e-01
3.820586494485148088e-01
3.737423037191759945e-01
3.655846473888736958e-01
3.575835582666024304e-01
3.497369065369672625e-01
3.420425564238073757e-01
3.344983678070094779e-01
3.271021977916999113e-01
3.198519022291216318e-01
3.127453371886551037e-01
3.057803603805487325e-01
2.989548325290621866e-01
2.922666186958394752e-01
2.857135895534331227e-01
-1.675862068965516727e+01
-2.374870759640062445e+00
-2.359944114535765802e+00
-2.307267885653198292e+00
-2.255550271052001232e+00
-2.205021456273746683e+00
-2.155652028671510845e+00
-2.107411660248057927e+00
-2.060271075569619637e+00
-2.014202018640093073e+00
-1.969177204589695807e+00
-1.925170273805597798e+00
-1.882155748547747143e+00
-1.840108991919514381e+00
-1.799006169067148386e+00
-1.758824210487890838e+00
-1.719540777332349890e+00
-1.681134228592539470e+00
-1.643583590072184020e+00
-1.606868525041289963e+00
-1.570969306481794447e+00
-1.535866790836074136e+00
-1.501542393174493339e+00
-1.467978063702632952e+00
-1.435156265533099829e+00
-1.403059953650559022e+00
-1.371672555002740435e+00
-1.340977949653490819e+00
-1.310960452937599996e+00
-1.281604798560271652e+00
-1.252896122587301875e+00
-1.224819948274898707e+00
-1.197362171690974142e+00
-1.170509048082354564e+00
-1.144247178944871601e+00
-1.118563499755713897e+00
-1.093445268329740649e+00
-1.068880053763521243e+00
-1.044855725932974266e+00
-1.021360445512389248e+00
-9.983826544845321171e-01
-9.759110671131031589e-01
-9.539346613506158867e-01
-9.324426706562886080e-01
-9.114245761999746342e-01
-8.908700994295571940e-01
-8.707691949806165566e-01
-8.511120439083545985e-01
-8.318890472229755195e-01
-8.130908197108163149e-01
1.799999999999999645e+01
-3.687896447570007119e+00
-3.601153953463933632e+00
-3.517977798819677204e+00
-3.436931269620861151e+00
-3.357944579774267968e+00
-3.280951208292588461e+00
-3.205887498222373289e+00
-3.132692515284230428e+00
-3.061307912978040058e+00
-2.991677803942224489e+00
-2.923748637396740957e+00
-2.857469082483897527e+00
-2.792789917310368519e+00
-2.729663923485911692e+00
-2.668045785949884952e+00
-2.607891997874404844e+00
-2.549160770432862488e+00
-2.491811947224024326e+00
-2.435806923144799185e+00
-2.381108567508599450e+00
-2.327681151211027366e+00
-2.275490277750046975e+00
-2.224502817913510011e+00
-2.174686847953412716e+00
-2.126011591072414220e+00
-2.078447362055074077e+00
-2.031965514882633439e+00
-1.986538393177122996e+00
-1.942139283326984822e+00
-1.898742370153055692e+00
-1.856322694980144128e+00
-1.814856115985617802e+00
-1.774319270702566120e+00
-1.734689540561043852e+00
-1.695945017356431883e+00
-1.658064471539599127e+00
-1.621027322228782763e+00
-1.584813608848192112e+00
-1.549403964303094128e+00
-1.514779589605996790e+00
-1.480922229872870366e+00
-1.447814151612527134e+00
-1.415438121236574309e+00
-1.383777384720924708e+00
-1.352815648353823841e+00
-1.322537060508634177e+00
-1.292926194383061000e+00
-1.263968031649691959e+00
-1.235647946965646504e+00
-1.419624934168172459e+01
5.512080580834426868e+00
5.344745843323266854e+00
5.187157125836335148e+00
5.038601752981928250e+00
4.898257118859454806e+00
4.765402127628188822e+00
4.639401657870718232e+00
4.519693829101981031e+00
4.405779494252749728e+00
4.297213513518507000e+00
4.193597464171775258e+00
4.094573515820891352e+00
4.006819371587703849e+00
3.913032236890360949e+00
3.821731841107918193e+00
3.732832812468735106e+00
3.646253701226558341e+00
3.561916644665591214e+00
3.479747195782607605e+00
3.399674158623502418e+00
3.321629430295404806e+00
3.245547849630160187e+00
3.171367052429025168e+00
3.099027333181182620e+00
3.028471513119019853e+00
2.959644814449847949e+00
2.892494740585866086e+00
2.826970962181022617e+00
2.763025208773934871e+00
2.700611165830157478e+00
2.639684376973391089e+00
2.580202151194283644e+00
2.522123474826030609e+00
2.465408928078200557e+00
2.410020605923532955e+00
2.355922043136843502e+00
2.303078143290137714e+00
2.251455111513868790e+00
2.201020390840068508e+00
2.151742601949682587e+00
2.103591486152845746e+00
2.056537851437539643e+00
2.010553521428697366e+00
1.965611287106573624e+00
1.921684861139706602e+00
1.878748834694302206e+00
1.836778636588180191e+00
1.795750494663687968e+00
1.755641399259821434e+00
1.445333553263917281e+01
3.347928550961929872e+00
3.272317553806529666e+00
3.197469982389113952e+00
3.124483787435619053e+00
3.053301495095809059e+00
2.983867490182913418e+00
2.916128480159374092e+00
2.850033379506937248e+00
2.785533199404471638e+00
2.722580942878673138e+00
2.661131505218590654e+00
2.601141579442776131e+00
2.542569566607785880e+00
2.485375490748626959e+00
2.429520918244467698e+00
2.374968881407255594e+00
2.321683806095364844e+00
2.269631443160148532e+00
2.218778803539040112e+00
2.169094096815134876e+00
2.120546673069716448e+00
2.073106967860778749e+00
2.026746450167255631e+00
1.981437573145410580e+00
1.937153727550362525e+00
1.893869197682362282e+00
1.851559119723637625e+00
1.810199442338142228e+00
1.769766889412238031e+00
1.730238924820595381e+00
1.691593719106962990e+00
1.653810117975088367e+00
1.616867612490311412e+00
1.580746310897327422e+00
1.545426911964572270e+00
1.510890679770211520e+00
1.477119419849204807e+00
1.444095456625124729e+00
1.411801612054429667e+00
1.380221185414818752e+00
1.349337934172808895e+00
1.319136055869314372e+00
1.289600170965264692e+00
1.260715306592393947e+00
1.232466881157429750e+00
1.204840689750730887e+00
1.177822890313063864e+00
1.151399990516821070e+00
1.125558835320485951e+00
-7.463414634146344540e+00
2.058650223469181473e+00
1.991185569413588041e+00
1.946293341609524052e+00
1.902794887472816443e+00
1.860283871527081967e+00
1.818728374058367736e+00
1.778104786711763863e+00
1.738390417818397315e+00
1.699563293411400666e+00
1.661602121214575289e+00
1.624486260381175606e+00
1.588195692979384788e+00
1.552710997026073514e+00
1.518013320979609171e+00
1.484084359610112758e+00
1.450906331170043417e+00
1.418461955791970652e+00
1.386734435044283620e+00
1.355707432579397187e+00
1.325365055812383952e+00
1.295691838571441989e+00
1.266672724664693606e+00
1.238293052310965203e+00
1.210538539384886425e+00
1.183395269429622587e+00
1.156849678392915859e+00
1.130888542044736100e+00
1.105498964037062937e+00
1.080668364568657225e+00
1.056384469619616961e+00
1.032635300722684946e+00
1.009409165239982364e+00
9.866946471157826970e-01
9.644805980775068566e-01
9.427561292587913755e-01
9.215106032199986696e-01
9.007336263429127632e-01
8.804150415777759475e-01
8.605449215220952741e-01
8.411135618118283919e-01
8.221114748067400724e-01
8.035293835527992368e-01
7.853582160054443095e-01
7.675890994986737104e-01
7.502133554455978626e-01
7.332224942571730075e-01
7.166082104664929231e-01
7.003623780468860582e-01
6.844770459127044182e-01
1.884882636315677473e+01
1.335259543782962577e-01
1.148889348870817395e-01
9.313558144702313579e-02
6.742107095092160496e-02
3.665220230619706948e-02
-5.842125405714429379e-04
-4.610821563978340781e-02
-1.022440787631222203e-01
-1.719111299815780369e-01
-2.586643073546499028e-01
-3.650708009408784038e-01
-4.387733083353736463e-01
-4.717310435756543741e-01
-4.851398446763614536e-01
-4.902301168017353938e-01
-4.919490431158540789e-01
-4.923376097534640228e-01
-4.922212016694881287e-01
-4.919325793951387360e-01
-4.916060202885644270e-01
-4.912954982854656483e-01
-4.910222416792753286e-01
-4.907940065051800138e-01
-4.840398156239262839e-01
-4.738518072274455761e-01
-4.638447105321796271e-01
-4.540166023654905736e-01
-4.443655361840417317e-01
-4.348895390083165613e-01
-4.255866134751727925e-01
-4.164547398598575922e-01
-4.074918780651481942e-01
-3.986959695754553334e-01
-3.900649393738639947e-01
-3.815966978202610105e-01
-3.732891424888358234e-01
-3.651401599634198081e-01
-3.571476275892637720e-01
-3.493094151800077984e-01
-3.416233866787506401e-01
-3.340874017722649247e-01
-3.266993174575429926e-01
-3.194569895600014586e-01
-3.123582742027933845e-01
-3.054010292268208304e-01
-2.985831155611406995e-01
-2.919023985435922897e-01
-2.853567491915823262e-01
-2.789440454230624478e-01
1.703571428571428115e+01
2.149021744014716795e+00
2.162747801698191363e+00
2.115056075702992366e+00
2.067750737016421869e+00
2.021512006900445524e+00
1.976321689013274652e+00
1.932153414850422468e+00
1.888981570471890192e+00
1.846781386974779782e+00
1.805528903529036056e+00
1.765200930396227275e+00
1.725775013920742618e+00
1.687229403422789265e+00
1.649543019889914808e+00
1.612695426368103258e+00
1.576666799958594822e+00
1.541437905331350722e+00
1.506990069670694155e+00
1.473305158973088336e+00
1.440365555621206273e+00
1.408154137162450636e+00
1.376654256223930117e+00
1.345849721499499996e+00
1.315724779748030038e+00
1.286264098745224738e+00
1.257452751134607194e+00
1.229276199126134062e+00
1.201720279993812035e+00
1.174771192326365288e+00
1.148415482987491743e+00
1.122640034744766258e+00
1.097432054528468592e+00
1.072779062283797602e+00
1.048668880382051638e+00
1.025089623558203433e+00
1.002029689344279273e+00
9.794777489696109285e-01
9.574227387007079315e-01
9.358538515951024817e-01
9.147605296449721202e-01
8.941324562877841498e-01
8.739595492624978590e-01
8.542319537911406968e-01
8.349400360667998955e-01
8.160743770301112088e-01
7.976257664175055995e-01
7.795851970653439045e-01
7.619438594551394273e-01
7.446931364858970781e-01
2.610043779322887758e+01
2.551939739465892920e+00
2.434683557476115201e+00
2.379677543782690918e+00
2.326281153668692703e+00
2.274122602753059663e+00
2.223166619815889256e+00
2.173381296081430492e+00
2.124735884265838592e+00
2.077200727377172207e+00
2.030747206271381611e+00
1.985347690168021595e+00
1.940975489845058854e+00
1.897604813370371124e+00
1.855210724235322628e+00
1.813769101762057412e+00
1.773256603662227482e+00
1.733650630630705791e+00
1.694929292863625037e+00
1.657071378395470251e+00
1.620056323155317335e+00
1.583864182647294117e+00
1.548475605165284819e+00
1.513871806456439151e+00
1.480034545752679120e+00
1.446946103093376790e+00
1.414589257866689209e+00
1.382947268500762661e+00
1.352003853239672981e+00
1.321743171942607598e+00
1.292149808847957271e+00
1.263208756247275133e+00
1.234905399017060201e+00
1.207225499959086568e+00
1.180155185902853843e+00
1.153680934526177593e+00
1.127789561852525990e+00
1.102468210385850966e+00
1.077704337846042471e+00
1.053485706470103755e+00
1.029800372846169765e+00
1.006636678249308803e+00
9.839832394499065105e-01
9.618289399670471029e-01
9.401629217409075423e-01
9.189745771996872259e-01
8.982535416980328424e-01
8.779896863052518707e-01
8.581731109228712961e-01
8.387941377123349085e-01
3.404257756033600035e+00
-1.768484102377773537e+00
-1.797726300581599990e+00
-1.759597040218820130e+00
-1.720362407737747068e+00
-1.681939913867271041e+00
-1.644371428294489901e+00
-1.607638848771414164e+00
-1.571722524048060121e+00
-1.536603302269139659e+00
-1.502262587083281975e+00
-1.468682317588293929e+00
-1.435844946239114961e+00
-1.403733417796574789e+00
-1.372331149395624506e+00
-1.341622011676547599e+00
-1.311590310919123814e+00
-1.282220772122638186e+00
-1.253498522977697149e+00
-1.225409078678765695e+00
-1.197938327529131985e+00
-1.171072517292748083e+00
-1.144798242249849052e+00
-1.119102430915676960e+00
-1.093972334383906508e+00
-1.069395515258599882e+00
-1.045359837140427128e+00
-1.021853454634996439e+00
-9.988648038527752071e-01
-9.763825933720700068e-01
-9.543957956379287566e-01
-9.328936387715939249e-01
-9.118655987664606721e-01
-8.913013920480127306e-01
-8.711909683764252899e-01
-8.515245040718567582e-01
-8.322923955435752585e-01
-8.134852531052151337e-01
-7.950938950594963472e-01
-7.771093420367498616e-01
-7.595228115725412010e-01
-7.423257129104857688e-01
-7.255096420173783311e-01
-7.090663767983218513e-01
-6.929878725004668949e-01
-6.772662572945482573e-01
-6.618938280242058214e-01
-6.468630461135365106e-01
-6.321665336240330779e-01
-6.177970694526343509e-01
-1.800000000000000000e+01
2.325382054108515728e+00
2.319354843405797340e+00
2.267705867393269070e+00
2.216900578725218285e+00
2.167258963074753630e+00
2.118753475102641559e+00
2.071354620455277296e+00
2.025033906119467986e+00
1.979763821128346368e+00
1.935517790418046724e+00
1.892270130870050693e+00
1.849996009735004332e+00
1.808671405314582925e+00
1.768273069780003315e+00
1.728778494011403710e+00
1.690165874348172670e+00
1.652414081145552771e+00
1.615502629038326532e+00
1.579411648817236502e+00
1.544121860828771453e+00
1.509614549813433904e+00
1.475871541102207640e+00
1.442875178094950472e+00
1.410608300948678728e+00
1.379054226407376182e+00
1.348196728708725534e+00
1.318020021506615569e+00
1.288508740751518333e+00
1.259647928474145973e+00
1.231423017420543387e+00
1.203819816489905659e+00
1.176824496928807973e+00
1.150423579238346150e+00
1.124603920752982766e+00
1.099352703852170876e+00
1.074657424768182379e+00
1.050505882955393266e+00
1.026886170988484448e+00
1.003786664958687735e+00
9.811960153390834050e-01
9.591031382915685688e-01
9.374972073897104297e-01
9.163676457331849656e-01
8.957041184309556536e-01
8.754965254315946188e-01
8.557349946805105079e-01
8.364098755849956879e-01
8.175117327691268088e-01
7.990313401016492234e-01
1.511366299574831906e+01
3.909723661865809330e+00
3.819019143004902084e+00
3.730191219687170268e+00
3.643680767811303678e+00
3.559410078920001386e+00
3.477304806322413011e+00
3.397293849514015918e+00
3.319309196395750394e+00
3.243285772136982548e+00
3.169161294616964941e+00
3.096876136336371044e+00
3.026373192661072853e+00
2.957597756237238862e+00
2.890497397399053536e+00
2.825021850377431143e+00
2.761122905108668313e+00
2.698754304436066676e+00
2.637871646494182709e+00
2.578432292064293474e+00
2.520395276690354347e+00
2.463721227346924891e+00
2.408372283453953600e+00
2.354312022037676311e+00
2.301505386841992351e+00
2.249918621200181601e+00
2.199519204483234791e+00
2.150275791947015680e+00
2.102158157807321182e+00
2.055137141378511778e+00
2.009184596117888244e+00
1.964273341424935371e+00
1.920377117050841465e+00
1.877470539980410802e+00
1.835529063654673054e+00
1.794528939408730928e+00
1.754447180005344498e+00
1.715261525150577171e+00
1.676950408883376431e+00
1.639492928736414390e+00
1.602868816570643506e+00
1.567058410990969763e+00
1.532042631255328358e+00
1.497802952593812797e+00
1.464321382859048226e+00
1.431580440433003920e+00
1.399563133319517760e+00
1.368252939355481201e+00
1.337633787477334746e+00
1.307690039982808639e+00
-2.277464829275686142e+01
-2.466233636861479450e+00
-2.364765773130498516e+00
-2.311406615318576829e+00
-2.259589059800284350e+00
-2.208967362188591910e+00
-2.159507534829065989e+00
-2.111179122824838661e+00
-2.063952767702560198e+00
-2.017800134776190912e+00
-1.972693864221509275e+00
-1.928607524999999434e+00
-1.885515571283089997e+00
-1.843393301241629478e+00
-1.802216818073863580e+00
-1.761962993151309220e+00
-1.722609431167759553e+00
-1.684134437182282618e+00
-1.646516985452498361e+00
-1.609736689959636147e+00
-1.573773776531875335e+00
-1.538609056477319159e+00
-1.504223901642474104e+00
-1.470600220816537851e+00
-1.437720437406002194e+00
-1.405567468308004164e+00
-1.374124703914846979e+00
-1.343375989185417119e+00
-1.313305605723080083e+00
-1.283898254802595673e+00
-1.255139041291842616e+00
-1.227013458417187675e+00
-1.199507373323980719e+00
-1.172607013386474550e+00
-1.146298953223957584e+00
-1.120570102382245192e+00
-1.095407693642069136e+00
-1.070799271918023043e+00
-1.046732683713668122e+00
-1.023196067100561768e+00
-1.000177842190630439e+00
-9.776667020731385493e-01
-9.556516041891589541e-01
-9.341217621179911390e-01
-9.130666377514262688e-01
-8.924759338332720615e-01
-8.723395868427367139e-01
-8.526477602016101498e-01
-8.333908377863478156e-01
-8.145594177272744707e-01
-2.151219512195121908e+01
-3.138941964113175498e+00
-3.057369944834517739e+00
-2.987826698768726530e+00
-2.919991299177566724e+00
-2.853802709674770899e+00
-2.789211811868073987e+00
-2.726171496610922951e+00
-2.664636552641395539e+00
-2.604563571747237294e+00
-2.545910858800775500e+00
-2.488638346437747728e+00
-2.432707514173324537e+00
-2.378081311752447746e+00
-2.324724086536591905e+00
-2.272601514734314154e+00
-2.221680536288911156e+00
-2.171929293242821579e+00
-2.123317071404741796e+00
-2.075814245152269422e+00
-2.029392225209243339e+00
-1.984023409243949709e+00
-1.939681135140804313e+00
-1.896339636804631246e+00
-1.853974002363172779e+00
-1.812560134639605192e+00
-1.772074713772958221e+00
-1.732495161870201583e+00
-1.693799609579440757e+00
-1.655966864479168965e+00
-1.618976381183784730e+00
-1.582808233070588377e+00
-1.547443085538446672e+00
-1.512862170712867105e+00
-1.479047263516615418e+00
-1.445980659029440618e+00
-1.413645151064302663e+00
-1.382024011891498150e+00
-1.351100973045673337e+00
-1.320860207154318289e+00
-1.291286310729459874e+00
-1.262364287867704604e+00
-1.234079534806552747e+00
-1.206417825287875445e+00
-1.179365296682208353e+00
-1.152908436829870542e+00
-1.127034071557667216e+00
-1.101729352831979813e+00
-1.076981747511406295e+00
-1.052779026664127482e+00
-1.950000000000000355e+01
-1.837169876122123791e+00
-1.904387362927006055e+00
-1.864264761079582389e+00
-1.822680593213245270e+00
-1.781970146084689954e+00
-1.742169390357732661e+00
-1.703257909863038266e+00
-1.665214397950319558e+00
-1.628018154100113302e+00
-1.591649101756235529e+00
-1.556087762778469052e+00
-1.521315231856588568e+00
-1.487313152254006399e+00
-1.454063692856677470e+00
-1.421549526455975654e+00
-1.389753809195993117e+00
-1.358660161119473075e+00
-1.328252647749970317e+00
-1.298515762651369476e+00
-1.269434410908899968e+00
-1.240993893479068522e+00
-1.213179892358553502e+00
-1.185978456525092595e+00
-1.159375988605860552e+00
-1.133359232231310409e+00
-1.107915260034922689e+00
-1.083031462261328404e+00
-1.058695535947598909e+00
-1.034895474644314861e+00
-1.011619558645033612e+00
-9.888563456945257402e-01
-9.665946621478327394e-01
-9.448235945538843161e-01
-9.235324816387969760e-01
-9.027109066655930603e-01
-8.823486901482683331e-01
-8.624358828995769555e-01
-8.429627593929789331e-01
-8.239198114204955292e-01
-8.052977420291689281e-01
-7.870874597199533085e-01
-7.692800728937746468e-01
-7.518668845304450343e-01
-7.348393870869638356e-01
-7.181892576026125408e-01
-7.019083529988568992e-01
-6.859887055630701225e-01
-6.704225186054966201e-01
-6.552021622797088440e-01
8.425447735228164703e+00
2.531442546911916724e-01
2.473946499485520922e-01
2.417649601197594256e-01
2.362531450840217873e-01
2.308571798306339184e-01
2.255750552373651519e-01
2.204047788043365097e-01
2.153443753442490227e-01
2.103918876298821738e-01
2.055453769998025204e-01
2.008029239232750618e-01
1.961626285253773305e-01
1.916226110733608989e-01
1.871810124253080188e-01
1.828359944421639183e-01
1.785857403642240326e-01
1.744284551531778971e-01
1.703623658008090180e-01
1.663857216054586141e-01
1.624967944173606182e-01
1.586938788539527800e-01
1.549752924862664027e-01
1.513393759974871466e-01
1.477844933147753337e-01
1.443090317154192281e-01
1.409114019083842206e-01
1.375900380923053001e-01
1.343433979909584297e-01
1.311699628672224616e-01
1.280682375165319853e-01
1.250367502407969678e-01
1.220740528037478484e-01
1.191787203686425350e-01
1.163493514192484174e-01
1.135845676649922115e-01
1.108830139311474949e-01
1.082433580349029395e-01
1.056642906481348593e-01
1.031445251476800634e-01
1.006827974538853643e-01
9.827786585817741005e-02
9.592851084038420129e-02
9.363353487650334650e-02
9.139176223759691575e-02
8.920203878046374657e-02
8.706323173071822685e-02
8.497422945888064016e-02
8.293394125006184336e-02
8.094129706779844280e-02
1.671515605719595854e+01
4.987811212840501440e+00
4.850190209932434549e+00
4.719841423361131660e+00
4.596139547911585410e+00
4.478546114480437268e+00
4.366582099974541720e+00
4.259819747039219173e+00
4.157875716019272083e+00
4.068933145956422415e+00
3.973178706795186699e+00
3.880285932808294813e+00
3.789849014096770219e+00
3.701784077447168197e+00
3.616010968687659588e+00
3.532453058995100648e+00
3.451037075941365551e+00
3.371692941203204619e+00
3.294353614944852016e+00
3.218954946831919628e+00
3.145435533592124244e+00
3.073736583004152312e+00
3.003801784168660838e+00
2.935577183894094944e+00
2.869011069014075765e+00
2.804053854441093119e+00
2.740657976753362757e+00
2.678777793106412286e+00
2.618369485258558171e+00
2.559390968498782559e+00
2.501801805266975265e+00
2.445563123258968741e+00
2.390637537812543734e+00
2.336989078375334650e+00
2.284583118860608497e+00
2.233386311703009053e+00
2.183366525432230532e+00
2.134492785589248154e+00
2.086735218816197168e+00
2.040064999957709624e+00
1.994454302018186853e+00
1.949876248826155400e+00
1.906304870263292539e+00
1.863715059922337991e+00
1.822082535064164288e+00
1.781383798750565184e+00
1.741596104035133319e+00
1.702697420100424130e+00
1.664666400235053745e+00
1.627482351549735640e+00
-1.800000000000000000e+01
4.531232084938616289e+00
4.416765024689482289e+00
4.307690198719852148e+00
4.203602686606108030e+00
4.104140900128115277e+00
4.016202697331483051e+00
3.922166176773216328e+00
3.830624494304347039e+00
3.741492409463169633e+00
3.654688109391888151e+00
3.570133385472977761e+00
3.487753461395401100e+00
3.407476827833780142e+00
3.329235083802623230e+00
3.252962784666582952e+00
3.178597296740533373e+00
3.106078658375573731e+00
3.035349447396362699e+00
2.966354654731635510e+00
2.899041564061139997e+00
2.833359637288824562e+00
2.769260405642247846e+00
2.706697366191813892e+00
2.645625883579876270e+00
2.586003096748165753e+00
2.527787830452825624e+00
2.470940511358034719e+00
2.415423088502665294e+00
2.361198957938666521e+00
2.308232891344708992e+00
2.256490968424420984e+00
2.205940512904424722e+00
2.156550031953810453e+00
2.108289158853081435e+00
2.061128598747459684e+00
2.015040077325906509e+00
1.969996292273989091e+00
1.925970867355353056e+00
1.882938308982901487e+00
1.840873965147329816e+00
1.799753986576656972e+00
1.759555290006576733e+00
1.720255523447184132e+00
1.681833033337226446e+00
1.644266833482549650e+00
1.607536575680525992e+00
1.571622521937238837e+00
1.536505518189130504e+00
1.502166969445140055e+00
-1.866666666666666785e+01
-3.512940516671910540e+00
-3.431054214851879447e+00
-3.352216015836193552e+00
-3.275366669966760291e+00
-3.200442413967742983e+00
-3.127382508237504410e+00
-3.056128791407285661e+00
-2.986625552030077735e+00
-2.918819406463687649e+00
-2.852659182637597546e+00
-2.788095809506201395e+00
-2.725082211983487657e+00
-2.663573211150064513e+00
-2.603525429521259760e+00
-2.544897201165090106e+00
-2.487648486460482200e+00
-2.431740791289095593e+00
-2.377137090457978719e+00
-2.323801755155193938e+00
-2.271700484245925189e+00
-2.220800239222504580e+00
-2.171069182628043936e+00
-2.122476619779867235e+00
-2.074992943625492359e+00
-2.028589582570670569e+00
-1.983238951125582794e+00
-1.938914403222032456e+00
-1.895590188060807701e+00
-1.853241408354986186e+00
-1.811843980841057800e+00
-1.771374598935871569e+00
-1.731810697423261436e+00
-1.693130419059891922e+00
-1.655312582995398740e+00
-1.618336654907029493e+00
-1.582182718754249873e+00
-1.546831450063375746e+00
-1.512264090657255533e+00
-1.478462424749074522e+00
-1.445408756323956156e+00
-1.413085887735876289e+00
-1.381477099451255741e+00
-1.350566130874398585e+00
-1.320337162193271130e+00
-1.290774797187592471e+00
-1.261864046944284556e+00
-1.233590314428312684e+00
-1.205939379859875871e+00
-1.178897386851591067e+00
-1.696153846153845990e+01
2.098019235889239997e+00
2.123352014768517648e+00
2.076769304261257609e+00
2.030338909136392367e+00
1.984948861772546147e+00
1.940585678442952045e+00
1.897223789634417734e+00
1.854838270185137139e+00
1.813405006577116119e+00
1.772900663279783240e+00
1.733302647438130117e+00
1.694589075409113077e+00
1.656738741114505808e+00
1.619731086111961815e+00
1.583546171289539783e+00
1.548164650093601713e+00
1.513567743204891070e+00
1.479737214581785310e+00
1.446655348794157581e+00
1.414304929575209036e+00
1.382669219522609128e+00
1.351731940883782013e+00
1.321477257363926627e+00
1.291889756898409347e+00
1.262954435334615377e+00
1.234656680971080611e+00
1.206982259904833210e+00
1.179917302140394808e+00
1.153448288416570655e+00
1.127562037709626264e+00
1.102245695373597290e+00
1.077486721880946074e+00
1.053272882128603927e+00
1.029592235276578949e+00
1.006433125088078029e+00
9.837841707419860970e-01
9.616342580900674175e-01
9.399725313329713172e-01
9.187883850905714800e-01
8.980714568435824718e-01
8.778116197247971542e-01
8.579989756394794664e-01
8.386238486957411364e-01
8.196767789267837001e-01
8.011485162880195299e-01
7.830300149131081966e-01
7.653124276138316695e-01
7.479871006097026376e-01
7.310455684740766458e-01
1.800000000000000000e+01
-1.546142429306203159e+00
-1.564407684134126120e+00
-1.532228246805525274e+00
-1.498143781057051260e+00
-1.464664604775302470e+00
-1.431916745612983988e+00
-1.399892057629709141e+00
-1.368574605630908714e+00
-1.337948356754818935e+00
-1.307997672226162589e+00
-1.278707326941344924e+00
-1.250062496349045871e+00
-1.222048741593862786e+00
-1.194651995234857766e+00
-1.167858547686883464e+00
-1.141655034358836529e+00
-1.116028423450073248e+00
-1.090966004367030395e+00
-1.066455376724084303e+00
-1.042484439894729498e+00
-1.019041383080982133e+00
-9.961146758709540361e-01
-9.736930592559933650e-01
-9.517655370806721304e-01
-9.303213679002916292e-01
-9.093500572221120404e-01
-8.888413501079095447e-01
-8.687852241167064449e-01
-8.491718825678321592e-01
-8.299917481056581225e-01
-8.112354565483369528e-01
-7.928938510041056986e-01
-7.749579762395216731e-01
-7.574190732850811791e-01
-7.402685742644581346e-01
-7.234980974344545901e-01
-7.070994424236084486e-01
-6.910645856579964441e-01
-6.753856759636561735e-01
-6.600550303355364745e-01
-6.450651298636137509e-01
-6.304086158073756163e-01
-6.160782858103760473e-01
-6.020670902471620956e-01
-5.883681286952677780e-01
-5.749746465255195504e-01
-5.618800316042649179e-01
-5.490778111015561791e-01
-5.365616483997194264e-01
1.800000000000000355e+01
-4.439212069884152179e+00
-4.329090509682710142e+00
-4.224035851937768982e+00
-4.123676199182074953e+00
-4.035312115910905995e+00
-3.940768170880026400e+00
-3.848734500091369970e+00
-3.759127234799926054e+00
-3.671863820335897977e+00
-3.586865341309138699e+00
-3.504056348493564510e+00
-3.423364692174013957e+00
-3.344721362165624434e+00
-3.268060334496913022e+00
-3.193318424699413960e+00
-3.120435147606521742e+00
-3.049352583532782379e+00
-2.980015250679563188e+00
-2.912369983593757539e+00
-2.846365817491633532e+00
-2.781953878249509682e+00
-2.719087277855956497e+00
-2.657721015115938279e+00
-2.597811881395710731e+00
-2.539318371197194057e+00
-2.482200597352664850e+00
-2.426420210633151164e+00
-2.371940323568510589e+00
-2.318725438281580953e+00
-2.266741378144582875e+00
-2.215955223071820246e+00
-2.166335248268889568e+00
-2.117850866265310827e+00
-2.070472572063913219e+00
-2.024171891247195099e+00
-1.978921330887347674e+00
-1.934694333113358589e+00
-1.891465231195168073e+00
-1.849209208011072691e+00
-1.807902256770957949e+00
-1.767521143873890921e+00
-1.728043373784481584e+00
-1.689447155818161184e+00
-1.651711372730855443e+00
-1.614815551013879524e+00
-1.578739832799853193e+00
-1.543464949290324739e+00
-1.508972195620378542e+00
-1.475243407079893210e+00
1.800000000000000711e+01
-4.906124177190830160e+00
-4.772842225834174279e+00
-4.646463880866627427e+00
-4.526408662487937384e+00
-4.412174071599795688e+00
-4.303312075829775374e+00
-4.199421744802359413e+00
-4.100143064707744145e+00
-4.012286315894923128e+00
-3.918352719591368327e+00
-3.826911798378200835e+00
-3.737877036807780495e+00
-3.651166773633529594e+00
-3.566702944744655657e+00
-3.484410911406359279e+00
-3.404219295213139596e+00
-3.326059819717572363e+00
-3.249867158713101389e+00
-3.175578791103204956e+00
-3.103134862251411441e+00
-3.032478051676648079e+00
-2.963553446934724445e+00
-2.896308423508779928e+00
-2.830692530517811889e+00
-2.766657382043121061e+00
-2.704156553865970647e+00
-2.643145485406388939e+00
-2.583581386651721434e+00
-2.525423149863995409e+00
-2.468631265857458512e+00
-2.413167744640757562e+00
-2.358996040222611335e+00
-2.306080979384858676e+00
-2.254388694232335677e+00
-2.203886558335098833e+00
-2.154543126284872212e+00
-2.106328076494084822e+00
-2.059212157072563887e+00
-2.013167134623564447e+00
-1.968165745807627376e+00
-1.924181651529062620e+00
-1.881189393606713445e+00
-1.839164353796641116e+00
-1.798082715040835167e+00
-1.757921424821888845e+00
-1.718658160509425326e+00
-1.680271296589763041e+00
-1.642739873675598927e+00
-1.606043569197726173e+00
1.800000000000000000e+01
-2.175422492747005165e+00
-2.189028998130531534e+00
-2.140693886877708341e+00
-2.092803067468168798e+00
-2.045994987445958646e+00
-2.000249831343325013e+00
-1.955540715990314649e+00
-1.911841559157033466e+00
-1.869127145902163223e+00
-1.827373089937262884e+00
-1.786555795516688860e+00
-1.746652421371307939e+00
-1.707640846601928164e+00
-1.669499638426014121e+00
-1.632208021676008203e+00
-1.595745849952739492e+00
-1.560093578342304887e+00
-1.525232237609524200e+00
-1.491143409785625762e+00
-1.457809205072066572e+00
-1.425212239986578755e+00
-1.393335616681372402e+00
-1.362162903367288846e+00
-1.331678115781082417e+00
-1.301865699636645113e+00
-1.272710514003848381e+00
-1.244197815562215759e+00
-1.216313243679046474e+00
-1.189042806264774876e+00
-1.162372866360708912e+00
-1.136290129416969164e+00
-1.110781631220644883e+00
-1.085834726436546216e+00
-1.061437077724970424e+00
-1.037576645402986220e+00
-1.014241677617603088e+00
-9.914207010009519205e-01
-9.691025117794256349e-01
-9.472761673102468860e-01
-9.259309780205340346e-01
-9.050564997252846799e-01
-8.846425263022320573e-01
-8.646790827026363813e-01
-8.451564182784555568e-01
-8.260650004074095998e-01
-8.073955083985907555e-01
-7.891388276622747222e-01
-7.712860441285963597e-01
-7.538284389006723041e-01
1.799999999999999645e+01
-1.360139009323830139e+00
-1.553225370004222006e+00
-1.530261092331718809e+00
-1.496736773480421112e+00
-1.463321090704297056e+00
-1.430605135649382076e+00
-1.398609586786091707e+00
-1.367320461493681139e+00
-1.336721885247881492e+00
-1.306798247484418862e+00
-1.277534340571230498e+00
-1.248915355956451645e+00
-1.220926870113590246e+00
-1.193554830359738084e+00
-1.166785541332621134e+00
-1.140605652156964300e+00
-1.115002144266832751e+00
-1.089962319846636385e+00
-1.065473790854916558e+00
-1.041524468597120334e+00
-1.018102553815378508e+00
-9.951965272652302241e-01
-9.727951407508202974e-01
-9.508874085918512797e-01
-9.294625994971286165e-01
-9.085102288208274368e-01
-8.880200511792315510e-01
-8.679820534068397597e-01
-8.483864478319907976e-01
-8.292236658534435367e-01
-8.104843518002675662e-01
-7.921593570586554778e-01
-7.742397344500424605e-01
-7.567167328460624454e-01
-7.395817920065514972e-01
-7.228265376277959176e-01
-7.064427765889206290e-01
-6.904224923850693640e-01
-6.747578407367452735e-01
-6.594411453653220567e-01
-6.444648939253295739e-01
-6.298217340847808154e-01
-6.155044697452294322e-01
-6.015060573938902921e-01
-5.878196025805794145e-01
-5.744383565126596203e-01
-5.613557127616746190e-01
-5.485652040757126313e-01
-5.360604992919314471e-01
-9.750000000000001776e+00
3.686253556735534787e+00
3.601571656848909342e+00
3.518385143890675693e+00
3.437328224530890708e+00
3.358331481844062605e+00
3.281328380363092823e+00
3.206255249279681863e+00
3.133051141144668872e+00
3.061657696941823215e+00
2.992019017416545523e+00
2.924081540489071429e+00
2.857793924566539800e+00
2.793106937557210845e+00
2.729973351382426472e+00
2.668347841777411578e+00
2.608186893169764708e+00
2.549448708424370214e+00
2.492093123244896180e+00
2.436081525025003636e+00
2.381376775946141500e+00
2.327943140123631682e+00
2.275746214608168394e+00
2.224752864055645762e+00
2.174931158884470861e+00
2.126250316746172597e+00
2.078680647141342153e+00
2.032193499020070515e+00
1.986761211212346723e+00
1.942357065540747385e+00
1.898955242474157146e+00
1.856530779187720581e+00
1.815059529900444613e+00
1.774518128367976288e+00
1.734883952414000285e+00
1.696135090389286448e+00
1.658250309453109361e+00
1.621209025576796581e+00
1.584991275174472358e+00
1.549577688270771025e+00
1.514949463120013551e+00
1.481088342195803431e+00
1.447976589474204268e+00
1.415596968937768318e+00
1.383932724231554445e+00
1.352967559405878983e+00
1.322685620684165952e+00
1.293071479197539730e+00
1.264110114630940584e+00
1.235786899728662291e+00
-1.394302895218136662e+01
-5.527488442530570367e-01
-6.501727482865141683e-01
-6.766500491940328210e-01
-6.773464798436125145e-01
-6.684446660786881322e-01
-6.559674521592516738e-01
-6.422317838315538818e-01
-6.281560474869615218e-01
-6.141135905713615006e-01
-6.002586851307544213e-01
-5.866548957695219002e-01
-5.733271578087295595e-01
-5.602835228860612027e-01
-5.475244960583036669e-01
-5.350471546025401537e-01
-5.228470126753345104e-01
-5.109188866067091439e-01
-4.992573058243729434e-01
-4.878567120949257041e-01
-4.767115577948758398e-01
-4.658163549159300421e-01
-4.551656995056170274e-01
-4.447542836060939808e-01
-4.345769007085725777e-01
-4.246284477872166452e-01
-4.149039255036223728e-01
-4.053984374238734367e-01
-3.961071887017887372e-01
-3.870254844768772906e-01
-3.781487281252185473e-01
-3.694724194412320473e-01
-3.609921527946968745e-01
-3.527036152885246745e-01
-3.446025849319264700e-01
-3.366849288373100491e-01
-3.289466014455542653e-01
-3.213836427821333830e-01
-3.139921767452455437e-01
-3.067684094262891348e-01
-2.997086274626148961e-01
-2.928091964221362642e-01
-2.860665592192956908e-01
-2.794772345617071996e-01
-2.730378154268230939e-01
-2.667449675678911780e-01
-2.605954280484888419e-01
-2.545860038049163609e-01
-2.487135702356954858e-01
-2.429750698174566181e-01
-3.125968128835469706e+00
2.931123298147489398e-01
6.847573451698283353e-01
7.803859712222417366e-01
7.955659317225982630e-01
7.877008921815078502e-01
7.731350781711755493e-01
7.567248120302567660e-01
7.399678396670468228e-01
7.233404571204088418e-01
7.069963554764379099e-01
6.909835884797203009e-01
6.753144292775578039e-01
6.599886700305022114e-01
6.450016632896271584e-01
6.303471900959742857e-01
6.160185152906705319e-01
6.020087869450023721e-01
5.883111910224448904e-01
5.749190119290839007e-01
5.618256558362505482e-01
5.490246588842166986e-01
5.365096891039909943e-01
5.242745456857876851e-01
5.123131571228545234e-01
5.006195788901718347e-01
4.891879909486103739e-01
4.780126952046752642e-01
4.670881129845695923e-01
4.564087825488491457e-01
4.459693566588875391e-01
4.357646001993035201e-01
4.257893878571467616e-01
4.160387018570592677e-01
4.065076297509172543e-01
3.971913622601359051e-01
3.880851911687392408e-01
3.791845072653002302e-01
3.704847983319252136e-01
3.619816471785289869e-01
3.536707297207392076e-01
3.455478130998771436e-01
3.376087538435281199e-01
3.298494960653188257e-01
3.222660697026087928e-01
3.148545887908491547e-01
3.076112497734815876e-01
3.005323298462748149e-01
2.936141853350812680e-01
2.868532501060553908e-01
1.800000000000000000e+01
-1.653052644888139744e+00
-1.065306414644741517e+00
-8.722441657748865040e-01
-7.972874212224273505e-01
-7.604411823991430452e-01
-7.365708747134676049e-01
-7.174408434269984314e-01
-7.002475345617097391e-01
-6.839985745189164357e-01
-6.683272110080172856e-01
-6.530904099488668013e-01
-6.382279189030314326e-01
-6.237111872717445715e-01
-6.095242490767641685e-01
-5.956563404294000774e-01
-5.820989597967843876e-01
-5.688446613625447457e-01
-5.558865443860737665e-01
-5.432180300873571399e-01
-5.308327606342985172e-01
-5.187245514041368688e-01
-5.068873671191190811e-01
-4.953153089737159509e-01
-4.840026069661316210e-01
-4.729436147704389470e-01
-4.621328058936241545e-01
-4.515647705113910448e-01
-4.412342126829354449e-01
-4.311359477926567929e-01
-4.212649001395850079e-01
-4.116161006318957982e-01
-4.021846845627568556e-01
-3.929658894536506297e-01
-3.839550529565933790e-01
-3.751476108096833406e-01
-3.665390948420108597e-01
-3.581251310249958242e-01
-3.499014375678102806e-01
-3.418638230548947665e-01
-3.340081846238865948e-01
-3.263305061824601228e-01
-3.188268566626670797e-01
-3.114933883115590385e-01
-3.043263350169153614e-01
-2.973220106669881013e-01
-2.904768075432637708e-01
-2.837871947452852428e-01
-2.772497166466386109e-01
-2.708609913812811687e-01
-1.800000000000000000e+01
4.902777551717070637e+00
4.769661585505557078e+00
4.643444868615260290e+00
4.523538231706012880e+00
4.409440610950142059e+00
4.300705212419238421e+00
4.196932179300604915e+00
4.097762432474691963e+00
4.009949540067823115e+00
3.916078551723392032e+00
3.824697704099389028e+00
3.735720967012853944e+00
3.649066769651600151e+00
3.564657134019613594e+00
3.482417503365502043e+00
3.402276577299555349e+00
3.324166153586284089e+00
3.248020976589915065e+00
3.173778592304020485e+00
3.101379209859058683e+00
3.030765569371524748e+00
2.961882815975189764e+00
2.894678379856643335e+00
2.829101862104203224e+00
2.765104926169660970e+00
2.702641194736157271e+00
2.641666151782002814e+00
2.582137049629050107e+00
2.524012820764752529e+00
2.467253994229289038e+00
2.411822616362304217e+00
2.357682175708352368e+00
2.304797531884867468e+00
2.253134848222445807e+00
2.202661527992961776e+00
2.153346154047660832e+00
2.105158431693666010e+00
2.058069134644245235e+00
2.012050053884554046e+00
1.967073949301554325e+00
1.923114503933167185e+00
1.880146280698281158e+00
1.838144681475603281e+00
1.797085908405470223e+00
1.756946927294717575e+00
1.717705433010693117e+00
1.679339816755754500e+00
1.641829135119449168e+00
1.605153080810305166e+00
2.216696578276962626e+01
1.991560893320716286e+00
1.854485131668222930e+00
1.810662658330511210e+00
1.770150918424582942e+00
1.730612182179322556e+00
1.691958570967308617e+00
1.654166838808351248e+00
1.617216398051539716e+00
1.581087348388117597e+00
1.545760382952533929e+00
1.511216760535264658e+00
1.477438281610257143e+00
1.444407265749953817e+00
1.412106530258067538e+00
1.380519369947320829e+00
1.349629537997002249e+00
1.319421227829117305e+00
1.289879055945098774e+00
1.260988045668195667e+00
1.232733611739769364e+00
1.205101545720458134e+00
1.178078002149935744e+00
1.151649485421503361e+00
1.125802837330306172e+00
1.100525225256123285e+00
1.075804130943966319e+00
1.051627339847788223e+00
1.027982931004558731e+00
1.004859267407795187e+00
9.822449868514715465e-01
9.601289932168537433e-01
9.385004481763815631e-01
9.173487632902617150e-01
8.966635924728282303e-01
8.764348248070302771e-01
8.566525776867685016e-01
8.373071902678917988e-01
8.183892172098844453e-01
7.998894226913059180e-01
7.817987746830492579e-01
7.641084394644608313e-01
7.468097763682732815e-01
7.298943327410991611e-01
7.133538391071453377e-01
6.971802045234113399e-01
6.813655121154967853e-01
6.659020147837545478e-01
6.507821310701087381e-01
6.359984411765715606e-01
-1.522127948304027001e+01
-3.995174757848864555e+00
-3.901722441258519414e+00
-3.810720548541138619e+00
-3.722109850566342359e+00
-3.635809348017709830e+00
-3.551741605437198412e+00
-3.469832582561188872e+00
-3.390011470474021849e+00
-3.312210534436738740e+00
-3.236364963360910618e+00
-3.162412725852362438e+00
-3.090294432713394102e+00
-3.019953205763241666e+00
-2.951334552814074197e+00
-2.884386248622358817e+00
-2.819058221623050642e+00
-2.755302446244753511e+00
-2.693072840598596862e+00
-2.632325169330236303e+00
-2.573016951423521270e+00
-2.515107372745343906e+00
-2.458557203123314494e+00
-2.403328717751626709e+00
-2.349385622724710299e+00
-2.296692984503568624e+00
-2.245217163125293069e+00
-2.194925748972430313e+00
-2.145787502925168067e+00
-2.097772299725996437e+00
-2.050851074393021278e+00
-2.004995771524902715e+00
-1.960179297346955174e+00
-1.916375474354603758e+00
-1.873558998416753107e+00
-1.831705398208063329e+00
-1.790790996845136540e+00
-1.750792875607757759e+00
-1.711688839631956505e+00
-1.673457385467313374e+00
-1.636077670396292039e+00
-1.599529483418540732e+00
-1.563793217808061575e+00
-1.528849845155823006e+00
-1.494680890815031304e+00
-1.461268410670529816e+00
-1.428594969158003325e+00
-1.396643618462491965e+00
-1.365397878829580192e+00
-1.334841719926240566e+00
-6.748272390415969824e+00
-4.250159801802308124e+00
-4.148644971271796322e+00
-4.059513621850888931e+00
-3.964450874062227737e+00
-3.871789704256673570e+00
-3.781576419848044157e+00
-3.693727524699727649e+00
-3.608163199146886768e+00
-3.524807132910555474e+00
-3.443586356762345257e+00
-3.364431080854022316e+00
-3.287274539718120003e+00
-3.212052843893617116e+00
-3.138704838088780313e+00
-3.067171965759646124e+00
-2.997398139955901986e+00
-2.929329620265173073e+00
-2.862914895671222482e+00
-2.798104573129877259e+00
-2.734851271658937044e+00
-2.673109521733323390e+00
-2.612835669774470571e+00
-2.553987787522562947e+00
-2.496525586081727255e+00
-2.440410334430940242e+00
-2.385604782197203289e+00
-2.332073086492389979e+00
-2.279780742620279632e+00
-2.228694518466391106e+00
-2.178782392389182032e+00
-2.130013494437865251e+00
-2.082358050728524201e+00
-2.035787330816978269e+00
-1.990273597913505110e+00
-1.945790061791096592e+00
-1.902310834245590776e+00
-1.859810886972339095e+00
-1.818266011730310883e+00
-1.777652782670787968e+00
-1.737948520713508138e+00
-1.699131259859009591e+00
-1.661179715331286166e+00
-1.624073253450318388e+00
-1.587791863138942938e+00
-1.552316128973651344e+00
-1.517627205693319103e+00
-1.483706794084539649e+00
-1.450537118166426387e+00
-1.418100903601762663e+00
-1.336928576734302609e+01
-1.963890783264723217e+00
-1.972296798976693744e+00
-1.929208028141588871e+00
-1.886123513283971986e+00
-1.843988074750122941e+00
-1.802798263860285521e+00
-1.762531423231955108e+00
-1.723165159958997217e+00
-1.684677769690423377e+00
-1.647048217350991495e+00
-1.610256107987065421e+00
-1.574281658878834200e+00
-1.539105673152673770e+00
-1.504709514819857263e+00
-1.471075085162181884e+00
-1.438184800388936146e+00
-1.406021570493640960e+00
-1.374568779242832939e+00
-1.343810265232721735e+00
-1.313730303953107414e+00
-1.284313590801119842e+00
-1.255545224990567865e+00
-1.227410694305576921e+00
-1.199895860650068924e+00
-1.172986946347301496e+00
-1.146670521146178734e+00
-1.120933489893550794e+00
-1.095763080833907610e+00
-1.071146834500100287e+00
-1.047072593160796705e+00
-1.023528490792190215e+00
-1.000502943543575274e+00
-9.779846406678575077e-01
-9.559625358899738190e-01
-9.344258391875632785e-01
-9.133640089599115441e-01
-8.927667445623777009e-01
-8.726239791850105565e-01
-8.529258730552690126e-01
-8.336628069458476009e-01
-8.148253759699252141e-01
-7.964043836470057203e-01
-7.783908362236769962e-01
-7.607759372344805593e-01
-7.435510822889762617e-01
-7.267078540719900115e-01
-7.102380175447332578e-01
-6.941335153353269671e-01
-6.783864633078990902e-01
