2.527523599999999604e+01
4.761512500000000614e+01
6.514597499999999286e+01
1.320172799999999924e+01
-3.396546100000000479e+01
1.055040000000000866e+00
-6.125373800000000557e+01
8.486012099999999236e+01
2.873829000000000278e+01
4.553612799999999794e+01
-2.034863000000000532e+00
5.458465999999999596e+00
4.415798000000000201e+01
1.711489699999999914e+01
2.321180700000000030e+01
7.535400699999998153e+01
-4.990512599999999566e+01
-5.634796599999999955e+01
2.251789999999999736e+01
-2.585920199999999980e+01
3.875151199999999818e+01
2.621455600000000175e+01
2.643756199999999978e+01
-1.705792000000001529e+00
2.883367100000000249e+01
-6.551788000000000523e+01
-3.216064000000000256e+00
-3.485367999999999711e+01
-1.266779999999999795e+00
2.196456399999999931e+01
1.139349600000000073e+01
-5.768774399999999503e+01
2.101684799999999598e+01
-5.386275999999998731e+00
2.377026500000000198e+01
-2.946626099999999937e+01
-8.027476000000000056e+01
-6.995499999999999829e+00
4.885795500000000402e+01
2.129960099999999557e+01
-5.350859600000000427e+01
-9.069365999999998706e+00
5.328928999999999405e+01
-1.358063199999999782e+01
-2.385199999999999765e+00
-8.842392000000002028e+00
5.616527599999999865e+01
-2.211495999999999995e+01
-3.798036599999999652e+01
1.696470899999999915e+01
-3.280879999999992691e-01
1.042052800000000090e+01
4.972116700000000833e+01
7.928361999999999910e+01
-1.836136799999999880e+01
3.688286399999999787e+01
-8.276513200000000836e+01
-2.521243400000000179e+01
2.760839000000000709e+01
9.890120000000006684e-01
-4.240347999999999118e+00
-8.830044000000002669e+00
1.424852999999999881e+01
-9.033395199999998226e+01
2.735110999999999848e+01
-1.485091900000000109e+01
2.211769400000000019e+01
4.179660000000001929e+00
-2.995344799999999807e+01
1.279081000000000401e+01
1.821010000000000062e+01
-9.370352000000002235e+00
1.118179600000000029e+01
2.261647000000001739e+00
-2.683055399999999935e+01
-2.088829199999999986e+01
-3.284399999999993991e-01
6.483615200000001266e+01
1.592455200000000026e+01
-1.806308800000000048e+01
-4.517272200000000026e+01
-4.044166799999999995e+01
-2.423259200000000035e+01
8.194891100000000961e+01
2.729782000000000153e+00
-2.778289699999999840e+01
6.187304000000000137e+00
6.251854900000000015e+01
4.277032200000000017e+01
3.027616000000000085e+00
-3.260311999999998989e+00
-1.253140400000000021e+01
-5.155656600000000367e+01
-5.207196799999999826e+01
-3.425137300000000806e+01
4.368200000000000216e+01
3.756795999999999935e+01
3.064371099999999970e+01
-2.531856800000000263e+01
2.497329600000000127e+01
-1.873193900000000056e+01
-3.035331999999999475e+00
-8.200000000000429168e-04
-5.614588000000000356e+00
-1.878328000000001108e+00
4.410918499999999653e+01
-4.055186999999999387e+01
1.195634000000000086e+00
-4.770082000000000377e+00
-1.261779999999999902e+00
-1.903974099999999936e+01
-8.706210000000000448e+00
-1.851970999999999634e+01
9.402360000000001605e+00
1.519588000000000072e+01
-3.859799999999999898e+00
-2.794777000000000733e+00
8.994072000000000955e+00
-3.968309999999998894e+00
1.770191200000000009e+01
-3.741594000000000619e+01
6.286510500000000690e+01
-4.659699999999998177e+00
-2.580981099999999984e+01
2.654530700000000110e+01
-3.278599999999999515e+00
2.559780999999999551e+01
-6.587932000000000343e+00
3.835660000000000025e+01
1.046096600000000088e+01
-3.884551999999999339e+00
1.535282000000000124e+01
-2.795186100000000096e+01
-5.982774999999999288e+00
1.560635199999999756e+01
5.634428000000001546e+00
2.948300000000000143e+00
5.801318399999999542e+01
-6.822361600000000692e+01
3.423183999999999827e+01
-7.813236400000000970e+01
-1.047311200000000042e+01
4.875741500000000883e+01
5.508198900000000009e+01
-1.660361300000000284e+01
-6.361409999999999343e+00
2.041313000000000244e+01
2.746104799999999813e+01
8.051208999999998284e+00
-4.820812000000000097e+00
-5.376317599999999430e+01
-3.486491999999999258e+00
-2.147017499999999757e+01
-2.285599599999999754e+01
-6.848447200000001089e+01
-9.577232000000000411e+00
1.713599500000000120e+01
2.358377000000000123e+01
-6.993707999999999814e+00
-7.413358000000000558e+00
-3.256719400000000064e+01
7.899270000000000458e+00
-5.187029000000001666e+00
-4.708285600000000670e+01
1.265794800000000109e+01
3.201504799999999307e+01
-5.782299999999998441e+00
1.958329600000000070e+01
4.096454000000000484e+00
5.833064799999998939e+01
-5.776254699999999076e+01
-3.088021400000000227e+01
5.522881600000000191e+01
2.779166999999999632e+01
-1.683293899999999965e+01
-1.309476200000000112e+01
2.916640299999999897e+01
-4.492879500000000093e+01
5.633569999999999567e+01
2.369508599999999987e+01
6.718800000000002548e+00
4.502962000000000131e+01
5.972005500000000211e+01
-2.088459999999999894e+01
4.394640400000000113e+01
-6.290577600000000302e+01
5.231860000000000355e+01
3.676899999999999835e+01
-7.098400999999999961e+00
1.008387400000000156e+01
4.970554100000000375e+01
-2.175671399999999878e+01
3.082391199999999643e+01
6.345598699999999326e+01
2.801280600000000121e+01
4.816454000000000235e+00
6.626085999999999920e+00
-2.883602399999999477e+01
1.445416200000000195e+01
-1.304102800000000073e+01
-6.639834799999999859e+01
4.721160600000001040e+01
4.697296099999999797e+01
-6.840567699999999718e+01
1.771931599999999918e+01
-2.096333299999999866e+01
9.286484199999999589e+01
-4.377521399999999829e+01
2.256119199999999836e+01
5.353150500000000278e+01
-1.784858499999999992e+01
-2.687341599999999886e+01
-5.315903999999999741e+00
-2.036153800000000302e+01
3.768247999999999820e+01
2.893908999999997178e+00
-1.633944400000000385e+01
-8.636700000000008259e-01
1.056063200000000002e+01
7.246556800000000464e+01
1.970987900000000081e+01
8.824431999999996279e+00
1.113640599999999914e+01
-1.570048299999999841e+01
-3.393280000000000296e+00
7.977865500000001475e+01
-5.426270099999999275e+01
-1.919857999999999976e+01
-1.464019800000000160e+01
-2.113642500000000268e+01
5.798669000000001184e+00
9.450190799999998603e+01
-1.173262300000000025e+01
-7.296514000000000522e+01
3.738771299999999798e+01
6.027752000000001331e+00
4.299672999999999945e+01
-8.256253000000000952e+00
3.233968000000000131e+01
6.757647999999999655e+00
5.138445000000000107e+01
3.154796599999999529e+01
-2.851561000000000234e+01
4.210488399999999842e+01
-9.190235500000000002e+01
4.283783999999999992e+01
-1.430880000000000152e+00
5.098012399999999644e+01
-8.409277900000000727e+01
-5.923750600000000333e+01
8.114232000000001221e+00
-3.400334500000000304e+01
-3.915231199999999490e+01
7.570289199999999141e+01
-2.125199800000000039e+01
3.324656799999999635e+01
1.874630000000000152e+01
-4.675081200000000337e+01
5.143018999999999785e+00
2.519282800000000222e+01
-1.694337399999999860e+01
1.005422099999999830e+01
2.539925000000000210e+00
-1.390626299999999915e+01
3.114115500000000125e+01
-3.340605000000000047e+00
-5.827022400000000601e+01
5.671929999999999694e+00
4.703404700000000105e+01
1.229290600000000211e+01
1.588421600000000034e+01
2.681398399999999782e+01
-2.728907399999999939e+01
3.568370200000000381e+01
6.267815999999999832e+00
-4.115905000000000058e+01
3.331266999999999712e+01
-2.234280999999999295e+00
-5.043188899999999819e+01
-1.395413200000000131e+01
3.461549999999999727e+01
-5.370542599999999567e+01
2.749778900000000093e+01
4.905225000000000080e+01
-8.052330000000001320e+00
-2.087425799999999754e+01
-1.335418900000000164e+01
-7.696610000000000618e+00
-5.424503199999999481e+01
-1.703928000000000331e+00
-7.884743999999999531e+00
1.066156800000000082e+01
-4.222962400000000116e+01
1.356670000000000087e+01
2.261602800000000002e+01
5.214850000000000207e+00
-1.555152099999999926e+01
9.700330000000001007e+00
-3.792016499999999724e+01
-4.279120000000000346e+01
1.069832399999999950e+01
-2.428822999999999865e+01
-1.366899799999999665e+01
2.523816000000000059e+00
3.382444000000000273e+01
1.015579999999999927e+01
-9.090588599999999531e+01
-2.696915000000000617e+00
5.996089999999998810e+00
-4.074058899999999994e+01
-7.366800000000006676e-02
2.080259300000000167e+01
2.061756000000000455e+01
-2.456130800000000036e+01
5.875479999999999592e+00
-4.771346300000000440e+01
-3.701879499999999723e+01
-1.768687500000000057e+01
3.034251899999999580e+01
-1.408043799999999912e+01
-3.423310800000000143e+01
8.179234000000001004e+00
-7.066532499999999573e+01
-4.960601099999999519e+01
-5.489513999999999783e+01
-1.176836999999999911e+01
-1.055021199999999837e+01
-2.093250599999999650e+01
-1.267079999999999984e+01
4.044119000000000597e+01
1.475806999999999647e+01
4.758251999999999526e+01
3.218541799999999853e+01
3.944225600000000043e+01
4.161400000000000432e+00
-4.937072799999999972e+01
-5.461978400000000278e+01
6.781615999999999644e+01
6.089290000000000092e+00
7.576480000000001880e+00
3.315563000000000216e+01
5.036823700000000770e+01
6.335201100000000451e+01
-5.193397800000001041e+01
2.843832000000000360e+00
3.351031000000000404e+01
5.142707500000000209e+01
-6.613481000000000165e+00
-5.037040400000000773e+01
-3.494481799999999794e+01
1.051041800000000137e+01
1.200713399999999886e+01
3.340999999999993975e-01
-1.121988900000000022e+01
6.478635000000000588e+00
-1.608447999999999656e+00
-4.447058000000000177e+00
4.117421000000001108e+00
7.718174999999999564e+00
6.038236500000000007e+01
7.009731799999998714e+01
-9.433792000000000399e+00
-5.246434400000000409e+01
-3.053160000000001872e+00
7.841299999999999493e+00
-5.917869699999999966e+01
-1.509531999999999652e+00
7.754031200000000013e+01
-2.329888200000000253e+01
-1.469993999999999978e+01
-3.008706199999999953e+01
1.841898600000000030e+01
6.582999499999999671e+01
8.538637500000000102e+01
7.271872000000000114e+00
2.081384000000000345e+00
-1.745026400000000422e+01
1.841505300000000034e+01
4.667222499999999741e+01
-6.484474799999998140e+01
-6.271135999999999378e+00
-3.996416400000000380e+01
-5.315678600000000387e+01
2.656643799999999800e+01
-1.484219100000000147e+01
-7.787861599999999385e+01
1.115329499999999996e+01
-3.438107999999999720e+01
7.304514999999999247e+01
2.852807999999999922e+01
2.882965000000000444e+00
2.469301600000000008e+01
-1.330288799999999938e+01
-4.880932099999999707e+01
2.229570499999999811e+01
-1.949015800000000098e+01
-1.660164199999999823e+01
-3.168708000000000169e+01
-7.056559999999999278e+00
4.717292399999999475e+01
8.401755999999998892e+00
2.928626400000000274e+01
-1.148330999999999946e+01
1.143580499999999844e+01
5.328115000000000379e+00
-1.445708000000000215e+00
-6.950967199999999480e+01
-5.327004999999999768e+01
9.539200000000001012e+00
1.348741200000000084e+01
-3.028024999999999523e+00
-5.925277399999999517e+01
1.683473199999999892e+01
-7.499262400000000639e+01
3.762815400000000210e+01
-4.387125400000000042e+01
2.323474999999997515e+00
9.520302000000000930e+00
1.275967999999999769e+01
8.681131000000000597e+00
-3.798984399999999795e+01
1.176912000000000180e+00
-1.768554399999999660e+01
-5.961776000000000408e+00
-5.834214499999998793e+01
8.259959999999999525e+00
-2.748010600000000281e+01
6.171836800000000522e+01
1.239489999999999981e+01
-6.081934999999997871e+00
1.824158800000000369e+01
9.996055999999999386e+00
4.198893999999999238e+00
-3.341624799999999595e+01
3.956645000000001744e+00
-1.590991800000000111e+01
6.721279999999998367e+00
-4.982476800000000594e+01
3.373434000000000488e+00
-1.698828200000000166e+01
7.052907800000001259e+01
-3.346737500000000409e+01
-3.612098399999999998e+01
1.748586500000000044e+01
-3.075972000000000506e+01
7.274197999999998387e+00
-1.610630500000000254e+01
-9.453615000000000990e+00
1.173757400000000217e+01
7.548859099999999955e+01
-1.314935200000000037e+01
-2.154348000000000241e+01
-5.734087999999999852e+00
3.798139999999999183e+00
-8.178283200000001329e+01
-3.917057599999999695e+01
3.502999999999998337e-01
-3.077139999999999986e+01
1.131548800000000021e+01
5.395336499999999802e+01
-1.040815600000000174e+01
-5.080717199999999423e+01
-5.417378199999999566e+01
-4.821429999999999438e+01
1.386553600000000230e+01
9.187920000000000087e+00
-3.093325600000000009e+01
2.359068900000000113e+01
7.436910000000001020e+00
-5.374826200000000398e+01
3.188615100000000169e+01
1.786244200000000149e+01
6.204651600000000400e+01
-7.634839999999998739e+00
-6.314701600000000781e+01
-1.066080999999999612e+00
-2.265068000000000126e+01
2.794282000000000821e+00
-3.890713999999999828e+01
5.095920800000000384e+01
3.345834999999999582e+01
-1.294687999999999839e+00
-9.909357999999997446e+00
-1.100690450000000027e+02
-1.769681999999999888e+01
1.865295499999999862e+01
1.292482000000000042e+01
-1.647293400000000219e+01
7.649423800000000995e+01
1.196021299999999954e+01
1.363828499999999977e+01
-3.499451000000000533e+01
-1.602310600000000207e+01
-2.738646499999999762e+01
6.220598999999999990e+01
-2.944176799999999972e+01
-5.112816000000000116e+01
-1.779022499999999951e+01
1.659050000000000225e+01
-3.562493599999999816e+01
1.501374999999999460e+00
-9.343640000000000612e+00
-5.781142000000002668e+00
7.617038999999999760e+01
1.063609699999999947e+01
5.327122399999999658e+01
-1.076291200000000003e+01
9.828890000000001237e+00
6.170940000000001646e+00
9.884423200000001941e+01
4.711258399999999824e+01
4.676686399999999821e+01
3.143801999999999452e+01
5.605420000000000158e+01
-8.753262000000001208e+00
6.242093999999998033e+00
1.441647500000000193e+01
5.223359799999999353e+01
3.245923499999999962e+01
5.092499000000000109e+01
-3.086467199999999877e+01
-6.605516799999999478e+01
3.227663999999999866e+00
3.681612000000000329e+00
5.838809100000000285e+01
-2.110177000000000191e+01
-3.959300399999999343e+01
-1.444216000000000166e+00
8.766108000000000899e+00
2.317190700000000092e+01
-5.828056599999999321e+01
-4.854758999999999602e+00
4.823891600000000324e+01
-2.653003599999999906e+01
-3.176313499999999834e+01
-6.802999999999999048e-01
-2.915399999999998659e+00
-8.382161999999995672e+00
-2.896549999999999514e+00
7.277755000000000862e+00
-4.450473999999999819e+01
-3.655968000000000018e+01
-2.405923999999999907e+01
7.741044999999999732e+00
-1.785776400000000308e+01
3.748185000000000855e+01
-2.837054700000000196e+01
-1.717886999999999986e+01
2.210684000000000182e+01
3.971661100000000033e+01
6.154196099999998637e+01
-8.028016699999999162e+01
-2.840792999999999680e+01
-3.020825999999999922e+01
1.147781400000000041e+01
-1.151447100000000034e+01
3.614600000000000080e+01
2.652431399999999684e+01
-2.668305600000000055e+01
4.770300400000000707e+01
6.827415299999999831e+01
-1.088625500000000201e+01
3.935407999999999618e+01
-5.952128000000000974e+00
9.892231999999999914e+00
-3.705070200000000114e+01
-5.515111000000000274e+01
-4.108353599999999517e+01
1.290387999999999913e+01
1.205035999999999774e+00
-4.269614099999999723e+01
-5.290569200000000194e+01
-5.451579999999999870e+01
3.363123999999999114e+00
-3.522878000000000043e+01
1.470091999999999821e+01
-1.541539999999999822e+01
2.341496900000000281e+01
-4.587963999999999487e+00
-6.029172000000000509e+01
-3.001693999999998752e+00
-3.779034999999999656e+01
-3.578172000000000708e+01
-1.622048000000000201e+01
-2.714072200000000024e+01
-4.130659200000000197e+01
-5.680180000000000007e+00
8.939799999999999969e+00
-5.691640000000000033e-01
-5.621821000000000623e+00
2.946075599999999639e+01
-3.415477400000000330e+01
3.449830000000000396e+00
2.047015199999999879e+01
3.059965199999999896e+01
-2.782983099999999865e+01
-4.289671999999997709e+00
-4.554543900000000178e+01
2.578883400000000137e+01
-4.340306400000000053e+01
-5.558633400000000080e+01
-4.538136000000000614e+00
3.275381099999999890e+01
4.048832000000000875e+00
6.166621400000000364e+01
1.067518799999999857e+01
2.729314999999999714e+01
1.052795199999999909e+01
4.817262499999999648e+01
7.244039399999999773e+01
1.079076000000000057e+01
-1.580486800000000081e+01
4.459100600000000725e+01
-4.990736000000000061e+00
-1.601718999999999227e+00
-1.147833599999999876e+01
1.979009200000000135e+01
-3.373782400000000337e+01
2.444444500000000176e+01
3.590791200000000316e+01
9.417239000000002136e+00
2.601469999999999061e+00
-4.515255599999999703e+01
-6.308509999999997397e+00
4.479664000000000534e+00
2.359420799999999829e+01
-3.690102299999999502e+01
2.666548699999999883e+01
-1.027459499999999792e+01
-2.977884000000000242e+01
-9.458495000000000985e+00
2.347085599999999772e+01
-7.131446200000000601e+01
-2.932515999999998790e+00
3.549379999999999313e+00
-1.275436999999999266e+00
-6.711364000000001795e+01
-3.176674000000000220e+01
1.974917999999999907e+01
2.764877200000000101e+01
-1.562352199999999769e+01
-1.225094600000000078e+01
-1.691812899999999686e+01
-1.931999999999991502e-01
5.967203999999999553e+01
9.491849999999999454e+00
-2.556127999999999645e+01
3.488205600000000572e+01
-1.610262800000000283e+01
-6.662767900000000054e+01
-3.339589600000000047e+01
-1.566174399999999700e+01
6.013959999999998196e+00
1.259768000000000043e+01
-7.300964000000000453e+01
3.748911999999999800e+00
-6.697242500000000121e+01
-5.192466399999999993e+01
3.218304500000000701e+01
1.478857500000000336e+01
-1.804678799999999939e+01
1.722928000000000459e+00
1.980424999999999613e+01
8.282280000000000086e+00
5.174259999999998527e+00
-2.789185999999999765e+01
4.017772999999999683e+01
4.717351700000000392e+01
-1.402432799999999702e+01
-1.966723599999999905e+01
1.146141199999999927e+01
3.273404999999999632e+01
-2.219927600000000112e+01
3.851205399999999912e+01
1.479475999999999836e+01
3.131418700000000044e+01
2.620890500000000145e+01
-3.656324000000000041e+01
-5.544692399999999566e+01
1.204821000000000097e+01
1.711100000000001842e+00
-2.488561600000000595e+01
-2.207031200000000126e+01
3.979344400000000093e+01
4.074915999999999983e+00
6.521390999999999494e+00
4.829189199999999715e+01
-2.193827500000000086e+01
-1.875189999999995472e-01
-3.014109599999999034e+01
-1.069473599999999891e+01
-1.948472999999999900e+01
-3.803251799999999605e+01
-1.737223199999999679e+01
-1.451999999999999957e+01
-1.456244999999999834e+01
1.729470799999999997e+01
1.664505899999999983e+01
-7.491960000000008613e-01
-1.529689599999999849e+01
9.665531999999998902e+00
3.068880000000000408e+01
-2.122244699999999895e+01
-2.368727700000000169e+01
3.070566400000000584e+01
9.797654000000001417e+00
1.559852499999999864e+01
2.114698100000000025e+01
7.313187200000000132e+01
-1.414636500000000296e+01
7.106883700000000204e+01
-2.749250800000000083e+01
6.259792000000000023e+00
5.791466999999997256e+00
2.612140000000000573e+00
1.445781600000000111e+01
-1.225980000000000381e+01
3.162780800000000170e+01
-6.661176000000001096e+00
-1.167588899999999974e+01
3.046558000000000277e+01
-4.793151000000000295e+01
-4.066895799999999639e+01
8.307120499999999197e+01
-3.551161600000000362e+01
1.215073199999999964e+01
-2.955647000000000801e+00
-1.820863999999999372e+00
6.497483199999999215e+01
-1.525108000000000175e+01
-7.455545700000000409e+01
3.964504199999999656e+01
-2.018938800000000100e+01
2.866274399999999645e+01
8.704507999999998802e+00
-5.015801199999999938e+01
-2.771811299999999889e+01
-1.637322199999999839e+01
4.045214000000000532e+00
-2.018339200000000488e+01
-6.895687999999999818e+01
-3.333019999999999783e+01
2.124612600000000384e+01
9.226271999999999807e+00
4.953620000000000800e-01
-3.374727000000000032e+01
-5.148889999999997968e+00
6.859708799999999940e+01
-1.966441400000000073e+01
-4.001563000000000869e+00
6.198071600000000103e+01
4.129937999999999931e+01
2.740245999999999782e+01
-1.946441500000000246e+01
1.327124000000001303e+00
3.011669000000001262e+00
-9.504400999999999655e+00
-1.286256799999999956e+01
-2.023429000000001032e+00
8.451416000000001816e+00
-3.823346399999999079e+01
1.844293900000000264e+01
7.344057800000000213e+01
-3.985911899999999974e+01
-1.324859200000000037e+01
7.967848099999999079e+01
2.244965000000000188e+01
5.145358099999999979e+01
9.002675999999999235e+00
-3.601508799999999866e+01
3.525253999999999444e+00
2.677166799999999824e+01
-2.683207500000000323e+01
-5.962677999999999656e+01
1.160833599999999954e+01
1.303639599999999987e+01
-1.070118700000000089e+01
6.959144000000001107e+00
-4.189898000000000344e+00
-3.001828800000000186e+01
-2.473739999999999384e+00
-6.896584999999999965e+00
-4.837277499999999719e+01
1.514595599999999997e+01
2.425626000000000460e+01
-2.103830000000000311e+00
-2.004335000000000377e+01
-2.256590800000000030e+01
-5.025670200000000420e+01
2.558878400000000397e+01
6.515494999999999948e+01
4.181815200000000488e+01
-6.657151199999999847e+01
1.395611699999999722e+01
-7.319045000000002688e+00
-1.303204800000000141e+01
8.427136800000000960e+01
1.227165000000000106e+01
3.092929599999999724e+01
9.225353000000000137e+00
2.294915000000000305e+01
-3.254337999999999909e+01
1.736165000000001513e+00
1.920957800000000049e+01
4.209614300000000497e+01
-3.840908800000000412e+01
4.055158400000000540e+01
-1.192412999999999990e+01
1.948590000000000266e+00
1.280156200000000410e+01
9.326876999999999640e+00
-1.354835199999999773e+01
-1.308309600000000117e+01
5.759763800000000344e+01
1.510787999999999975e+01
1.744132000000000104e+01
2.023208000000000339e+00
5.552369799999999600e+01
2.284440599999999932e+01
-1.472319999999999629e+00
-2.885825000000000085e+00
6.622889999999999588e+01
-4.692694000000000187e+01
4.483038599999999718e+01
-3.280637600000000020e+01
1.966703500000000204e+01
-1.841537999999999897e+01
-6.846724999999999284e+00
-7.374493599999998139e+01
-1.041238399999999942e+01
3.541714999999999947e+01
5.217376000000000147e+01
-5.288266300000000797e+01
3.419885000000000730e+01
2.261784000000000106e+01
1.107100000000000151e+01
1.086399199999999787e+01
2.094949999999995427e-01
6.232510000000000616e+01
-4.598975899999999939e+01
-3.424995300000000498e+01
-7.825044000000000999e+00
-2.454031400000000218e+01
-4.034813999999999368e+01
-6.234117600000000436e+01
3.825804099999999863e+01
7.028263999999996514e+00
-5.898203599999999369e+01
-4.400163599999999775e+01
-1.349198400000000220e+01
5.986565199999999720e+01
-5.534444999999998061e+00
-5.685924999999998875e+01
2.086856200000000072e+01
2.599086399999999841e+01
3.085891999999999769e+01
8.928067999999999671e+00
-3.077478700000000345e+01
-6.704204800000000830e+01
-1.108159599999999934e+01
2.417911999999997619e+00
-1.851324400000000026e+01
6.114600000000001145e+00
-6.124564000000000163e+01
-3.182376000000000005e+01
-4.425354500000000257e+01
-2.190282799999999952e+01
1.079019399999999962e+01
-5.726244000000000334e+00
-6.915967999999999449e+00
-1.079083899999999652e+01
-6.834398000000000195e+00
4.155185000000000350e+00
-2.760290000000000532e+01
3.075976400000000055e+01
2.880240000000001466e+00
-2.151789800000000241e+01
9.046192000000001343e+00
4.642610000000001236e+00
-6.058003200000000277e+01
3.080979100000000415e+01
2.547634400000000099e+01
-2.420074400000000026e+01
1.380800800000000095e+01
-3.333850000000000335e+01
-3.170607000000000397e+00
-5.100804000000000116e+01
3.674683299999999520e+01
-2.359649000000000285e+01
-2.473682300000000112e+01
-4.285273800000000222e+01
1.092316999999999894e+01
4.459572799999999404e+01
-5.954879999999999285e+01
-2.691574800000000067e+01
-2.201959999999999695e+01
2.242107000000000028e+01
-1.001663799999999860e+01
5.463368999999998366e+00
-3.986755000000000138e+01
5.462104800000000182e+01
9.286975000000001046e+01
2.452941800000000327e+01
-7.974175999999999043e+00
2.969422399999999840e+01
-1.406236000000000708e+00
-6.013725600000000071e+01
-8.261308000000001428e+00
-1.734252000000000038e+01
-4.666293199999999786e+01
5.817790999999999713e+00
-1.664143799999999729e+01
-8.298819299999999544e+01
2.049592800000000281e+01
3.444205000000000183e+01
1.444364000000000026e+01
9.276579999999999160e+00
-2.633850999999999942e+01
-7.040868399999999383e+01
-1.061147499999999866e+01
2.434479999999999755e+00
2.763245399999999918e+01
-3.284580000000000055e+00
3.199550799999999739e+01
2.629406999999999606e+00
4.367822000000000315e+00
-1.459373700000000085e+01
5.524385100000000648e+01
7.725655999999999857e+00
3.553994999999999749e+01
4.772752099999999587e+01
-9.667368999999999346e+01
-4.577720000000000766e+01
2.964842600000000061e+01
3.994568000000001451e+00
-6.680776600000000087e+01
-4.799742300000000483e+01
-1.714946400000000182e+01
2.513856000000000535e+00
-7.013412400000001412e+01
1.762300499999999914e+01
1.986366999999999905e+01
4.948785999999999774e+01
1.975638099999999753e+01
-4.532799999999998164e+00
-1.575314000000000192e+01
-2.641964399999999813e+01
-8.209786400000001549e+01
-4.614303200000000516e+01
-1.350072399999999995e+01
-4.068500799999999629e+01
-2.316635499999999936e+01
-6.355114000000000374e+01
-9.698499999999921073e-02
-9.228269999999999129e+01
-9.423999999999999488e+00
3.458167399999999958e+01
7.514149999999999885e+00
-9.820070999999998662e+00
3.498720000000008490e-01
-5.943387100000000345e+01
1.981907599999999903e+01
7.477096000000000409e+00
5.947869999999999102e+00
-3.685680899999999838e+01
3.045363600000000304e+01
-9.518560000000002574e-01
-5.328970000000000340e+01
-2.723153000000001711e+00
4.095770000000000266e+01
-1.336924999999999919e+00
-7.638778700000000299e+01
2.156950000000001033e+00
8.674559999999999604e+00
6.543600399999999695e+01
-3.548944299999999430e+01
-3.052146799999999871e+01
-5.838925400000000110e+01
8.739321999999999591e+00
-5.072149100000000743e+01
-2.035975000000000179e+01
3.222518399999999872e+01
-2.473949999999999960e+01
6.087515799999999899e+01
1.253037500000000115e+01
-2.925779700000000005e+01
1.009943200000000019e+01
-5.745499999999999829e+01
-7.197631400000000212e+01
1.288418000000000063e+00
-1.031619599999999970e+01
4.909621400000000335e+01
1.470419300000000007e+01
-5.633708000000000027e+01
-3.931427300000000002e+01
-1.709890999999999650e+01
4.676099800000000073e+01
2.545221000000001510e+00
2.026833500000000043e+01
1.550175600000000209e+01
6.763138000000000716e+01
-3.713846399999999903e+01
2.950873599999999897e+01
6.577799999999999159e+01
1.824163599999999974e+01
-6.121440000000001547e+00
-3.359383999999998593e+00
-2.089018799999999842e+01
-1.047586799999999840e+01
-5.180675999999998282e+00
-9.080673000000000883e+00
1.953046399999999849e+01
-6.783256000000001507e+00
-4.984181399999999940e+01
1.871367800000000159e+01
-2.341943599999999748e+01
5.626392199999999377e+01
-2.854913999999999419e+01
9.227840000000009368e-01
6.014572800000000541e+01
-5.797479000000000049e+00
2.272148000000000323e+01
-1.003181000000000012e+01
1.582020000000000159e+01
-1.457650799999999691e+01
3.515075999999999645e+00
-4.521568000000000609e+01
6.175393999999997163e+00
2.744379999999999598e+01
-1.054229579999999942e+02
1.437830399999999997e+01
-1.166572400000000087e+01
2.079411899999999847e+01
-4.239647499999999525e+01
-2.660748399999999947e+01
-4.823781800000000430e+01
1.057118599999999908e+01
-8.498739999999999739e+00
-3.856229999999989388e-01
1.624748199999999798e+01
4.291797599999999591e+01
-2.340450899999999734e+01
2.499215199999999726e+01
-2.453769799999999890e+01
-1.414917200000000008e+01
-4.408139999999999503e+01
5.720168000000000141e+00
7.390793000000000390e+00
4.484847499999999343e+01
2.054113000000000522e+00
6.471724799999999789e+01
-1.430350400000000199e+01
4.185953599999999852e+01
4.570068000000000907e+00
2.304762000000000199e+01
-8.097554999999999836e+00
1.617494399999999999e+01
1.172042799999999829e+01
1.805368999999999957e+01
-4.803522399999999237e+01
1.196205900000000000e+01
1.984600199999999859e+01
-4.031862500000000438e+01
8.190073200000000497e+01
-5.154906000000002209e+00
5.863692000000000348e+01
-1.502126900000000198e+01
-2.797993200000000513e+01
-1.227928800000000109e+01
7.680679200000000151e+01
-6.892640000000000988e+00
-5.632100999999999402e+01
-9.725796000000000774e+00
-1.879895999999999567e+00
-2.694457199999999730e+01
6.259415999999999869e+00
4.689379399999999976e+01
3.185544999999999760e+01
2.544934399999999641e+01
2.041805000000000092e+00
-1.618791600000000130e+01
6.514071000000000389e+00
-9.259349999999999525e+00
-2.086600400000000022e+01
2.025860000000001548e+00
2.408256100000000188e+01
2.142820000000000036e+01
3.084939200000000170e+01
-1.024044999999999916e+01
-4.246900599999999315e+01
-2.225546799999999692e+01
-6.834392000000000245e+00
-1.802668000000000159e+00
1.276683699999999888e+01
4.126389999999999780e+00
-8.238326999999999956e+00
-7.478660200000000202e+01
-2.721610000000005414e-01
6.324870400000000359e+01
5.479079999999996176e-01
1.605568000000000239e+01
-1.757156399999999863e+01
1.110431299999999943e+01
-7.971599999999989805e-01
-5.312583999999999662e+01
-1.580064000000000490e+01
-1.738207200000000086e+01
1.236814999999999998e+00
2.836444499999999636e+01
6.990460500000000366e+01
3.031491499999999917e+01
7.978749999999994458e-01
-2.371068299999999596e+01
2.020679999999999588e+00
3.996535999999999866e+00
-3.079932800000000270e+01
8.671200000000016672e-01
-1.522204599999999886e+01
-2.334502399999999867e+01
-7.897838000000000136e+00
3.852480500000000063e+01
2.258068000000000097e+01
-1.777615000000000123e+01
2.903045499999999990e+01
2.337612999999999275e+00
-3.347654500000000155e+01
-2.784133899999999784e+01
7.540305000000000746e+01
-4.564970500000000442e+01
-1.603375999999999735e+01
3.894255999999999496e+00
-4.498230000000000395e+00
-1.049199700000000135e+01
9.124227500000000646e+01
7.496745599999999854e+01
-2.025392300000000034e+01
5.165279999999999205e+00
-1.855323600000000184e+01
1.023722799999999999e+01
3.128126199999999812e+01
-5.457789599999998842e+01
1.527879999999992577e-01
-7.162799999999998946e+00
1.319813999999999865e+01
2.062412899999999993e+01
-9.193296000000000134e+00
2.152576200000000028e+01
-1.261240399999999973e+01
3.360455299999999568e+01
2.034669399999999939e+01
4.829804800000000853e+01
-1.226594800000000163e+01
-6.321949999999999292e+00
5.949064000000000618e+01
8.283000999999998726e+00
-2.922557999999999723e+01
-1.032959000000000405e+00
-2.386890599999999907e+01
3.228960000000000719e+01
-8.683615000000001771e+01
7.717669999999998254e+00
-2.349566000000000443e+01
-3.573863999999999042e+00
-7.273336799999999869e+01
5.331773599999999647e+01
-6.612715199999999527e+01
3.231931999999999583e+00
-5.496311099999999783e+01
-7.458217000000001207e+00
-1.453600000000000136e+01
-6.507184600000000785e+01
3.125005800000000278e+01
-4.282442100000000096e+01
-1.437548000000000492e+00
-6.829092199999999480e+01
-7.886665800000000104e+01
-2.508828799999999859e+01
4.166422199999999521e+01
1.762443599999999932e+01
-2.337379999999999569e+01
-4.336571999999998539e+00
9.660170400000001223e+01
1.138109599999999944e+01
-2.224479999999999791e+00
-7.076760000000000161e+00
4.278539999999999566e+01
-3.081798999999999467e+01
2.804020000000000401e+00
-1.331557500000000083e+01
-1.910956000000000321e+00
5.026935499999999024e+01
1.825449800000000167e+01
9.029961399999999117e+01
4.702477999999999270e+00
5.528659200000000595e+01
-2.999143999999999366e+00
3.150406999999999869e+01
-2.116012399999999971e+01
-1.099330600000000047e+01
9.947254100000000676e+01
-1.686170399999999603e+01
2.053169600000000372e+01
4.306219600000000725e+01
-8.468531999999999726e+00
-4.335840199999999811e+01
5.238540000000000418e+01
6.991600000000000037e+00
4.767379600000001005e+01
3.966017700000000445e+01
-6.322422000000001319e+00
1.493787799999999955e+01
-4.557059999999999889e+00
7.949175999999998687e+00
-9.409859999999987679e-01
-1.386866999999999983e+01
7.996537000000000006e+00
2.981915700000000058e+01
1.497015200000000057e+01
-3.608578000000000507e+00
2.081590000000000273e+00
7.182034400000000574e+01
7.137642999999998850e+00
-1.978997999999999990e+01
-8.409174999999999400e+00
-5.795671999999999713e+00
-1.476128700000000116e+01
3.006438600000000250e+01
7.858220000000000205e+00
8.240930999999999784e+00
-3.697263199999999728e+01
6.318969000000001834e+00
5.719199999999998729e-01
-4.745382000000000744e+01
-1.398920000000000385e+00
1.231522700000000015e+01
-6.053943999999995995e+00
-5.779043199999999558e+01
3.768586299999999767e+01
8.248219999999999885e+00
4.993001999999999896e+01
-5.464480000000000004e+00
7.718500000000000583e+00
-6.479399999999999160e+00
-4.322255599999999731e+01
1.628329599999999999e+01
-2.961266399999999877e+01
8.200895000000006263e+00
9.147183000000000064e+00
-2.382232199999999978e+01
-4.241140000000000043e+01
-1.136775300000000044e+01
1.826940600000000359e+01
8.793172999999999462e+00
4.229432599999999809e+01
-1.221081599999999767e+01
-6.342115799999999837e+01
6.705078000000000316e+01
-5.085210000000000008e+00
-5.444869000000000625e+01
2.300988100000000358e+01
6.613531999999999300e+01
-2.275807100000000105e+01
5.931515000000000271e+01
2.603743500000000211e+01
-2.399783800000000156e+01
-4.495587199999999939e+01
-1.006385599999999947e+01
6.728803999999999519e+01
-2.147343200000000252e+01
5.989242000000000843e+00
-4.660022400000000431e+01
-1.374247300000000038e+01
-5.613518800000001363e+01
-8.379080000000001860e+00
7.697757999999998901e+01
-4.198400000000006571e-01
-2.490915000000000035e+01
-2.025744999999999862e+01
-2.349014999999999631e+00
-1.802258199999999988e+01
-1.317718400000000045e+01
-9.587443000000000382e+00
1.059009900000000037e+01
-9.138600000000000279e+00
3.158582800000000290e+01
1.017972000000000321e+00
3.277358700000000624e+01
9.690920000000007306e-01
-5.880394400000000132e+01
2.693668999999999869e+00
4.498751999999999640e+00
-9.977119999999999322e+00
-1.901454000000000022e+01
1.834972600000000043e+01
2.523328000000000060e+01
6.655321800000000110e+01
5.570384600000000574e+01
-4.488976999999999862e+01
-1.104615800000000192e+01
6.061035700000000048e+01
-2.878742000000000445e+01
2.990765799999999786e+01
1.164552399999999821e+01
-2.550592800000000082e+01
-4.680091700000000543e+01
2.215986000000000189e+01
1.676810000000000045e+01
4.469427999999999734e+00
-7.520781999999999812e+01
7.247039000000000009e+00
1.734799200000000141e+01
-8.983495000000001340e+00
5.496496799999999894e+01
1.918084800000000101e+01
7.709888599999999315e+01
-5.868753800000001064e+01
-6.758853999999999473e+01
1.915840000000000209e+00
-2.398259999999999792e+01
1.933852999999999867e+01
1.151831599999999867e+01
-2.059067500000000450e+01
-2.585933200000000198e+01
-6.512500000000026601e-02
-2.481392800000000065e+01
-1.567506999999999806e+01
-4.950410000000022848e-01
6.988599999999999923e+00
1.064152999999999949e+01
-3.003076000000000079e+00
2.371934100000000356e+01
-6.867215999999999987e+00
-6.819229999999998881e+01
7.733277800000000468e+01
-3.210484000000000293e+01
1.325244000000000000e+01
-2.150200400000000300e+01
-1.825319000000000003e+01
8.896457099999999230e+01
-2.257120200000000310e+01
3.442023999999999972e+00
5.089670800000000384e+01
2.564400000000000901e+00
4.190643999999998925e+00
6.183407300000000362e+01
1.725848400000000282e+01
-2.372662100000000152e+01
-4.009811000000000547e+01
4.420473999999999393e+01
-8.964359999999999218e+00
-3.421563000000000443e+01
-7.937410999999999994e+00
8.496573099999999101e+01
-3.469685000000000485e+01
3.927092600000000289e+01
-4.923303700000000305e+01
-6.340101199999999437e+01
2.654776999999999987e+01
3.206309300000000206e+01
1.027494000000000085e+01
4.667466499999999741e+01
-2.961679600000000079e+01
-1.143845999999999918e+01
-1.217902699999999960e+01
7.685428000000000814e+00
-3.106230000000000402e+01
-2.294550000000000090e+00
-1.836947999999999936e+01
-2.578165500000000065e+01
-3.518500999999998768e+00
-6.341302800000001128e+01
1.038277799999999900e+02
9.352137999999998286e+00
3.926597999999999900e+01
2.547918400000000361e+01
-4.590959999999999752e+01
4.070203999999999667e+01
2.339752499999999813e+01
1.250555999999999912e+01
-1.224933599999999956e+01
-3.985137100000000032e+01
-1.682179200000000208e+01
1.493469999999999942e+01
-5.452943600000000401e+01
-6.455301199999999540e+01
-1.657160500000000170e+01
-2.483111800000000358e+01
3.062735999999999592e+01
-6.313498400000000288e+01
2.736220800000000253e+01
-9.873929000000000400e+00
-5.071717999999999904e+01
-6.667194000000000642e+01
9.620024999999998272e+00
-9.951432000000000500e+00
-3.898967199999999877e+01
-4.288418000000000063e+00
-1.247676799999999986e+01
-3.123480500000000148e+01
3.904325000000000045e+01
4.589108300000000185e+01
4.394532000000000949e+01
-4.210598399999999941e+01
3.535509000000000412e+01
1.570853000000000055e+00
-2.958776000000000295e+00
-3.390843000000000274e+00
-1.813515600000000205e+01
5.180463000000000306e+01
3.045003599999999722e+01
5.633740000000000236e+01
4.092736000000000018e+01
-4.996500600000000247e+01
7.347607999999999606e+01
3.013914899999999619e+01
-5.765220000000000766e+01
1.294819799999999965e+01
-2.605524000000000839e+00
-7.043433100000000024e+01
-5.821378199999999481e+01
2.884101400000000126e+01
-7.223142699999999650e+01
-6.657900000000003260e-01
2.371979200000000176e+01
1.812841999999999842e+01
-2.579318999999999917e+01
1.558527999999999913e+01
3.277324999999999378e+00
5.007014699999999863e+01
6.682995999999999981e+01
-2.077223899999999901e+01
-9.703960999999999615e+00
1.146588000000000207e+01
-5.014826999999999657e+01
-2.871453499999999792e+01
-9.308520000000015671e-01
5.729294999999999582e+00
1.013037880000000115e+02
6.277515999999999430e+00
-1.157756799999999942e+01
-5.828799999999999315e+00
1.179612899999999875e+01
2.361584000000001904e+00
4.071755600000000186e+01
1.074489799999999917e+01
5.114597599999999034e+01
8.990045999999999538e+00
-1.056574000000001234e+00
2.623805300000000074e+01
-2.031190700000000149e+01
5.283970000000000056e+00
-3.199583600000000061e+01
-3.178308200000000028e+01
2.902144700000000199e+01
-2.669312800000000152e+01
-2.901330399999999798e+01
-3.263023600000000357e+01
2.472541600000000273e+01
2.018394399999999678e+01
1.079700000000038962e-02
4.575420000000001153e-01
-2.078593500000000205e+01
-3.116345199999999949e+01
1.371708799999999862e+01
6.471557999999999922e+00
7.827914100000000985e+01
4.813968000000000558e+01
4.212761799999999823e+01
4.977366100000000415e+01
1.227265400000000106e+01
-9.951511800000000108e+01
-2.065259599999999907e+01
-2.852662499999999568e+01
9.588639999999998054e+00
1.041110799999999692e+01
-2.120489800000000002e+01
2.654859000000000435e+01
-6.766496400000001188e+01
6.433099999999998886e+01
2.236652000000000129e+01
2.606702400000000353e+01
-6.029520499999999572e+01
1.388854500000000058e+01
-9.590175999999999590e+00
-1.875338400000000405e+01
2.083000000000000185e+00
-3.381550000000000011e+01
9.647904000000000480e+00
1.690200999999999709e+01
-1.272877600000000342e+01
-1.276543999999999457e+00
-9.544048000000000087e+00
1.090101199999999970e+01
2.344316599999999795e+01
-6.815667899999999690e+01
-1.988360000000000127e+01
2.752258200000000343e+01
2.543616000000000099e+00
4.032106600000000185e+01
4.608249999999999957e+00
-5.309347000000000705e+00
-1.436547999999999803e+01
-7.899447199999998759e+01
-3.604511999999999716e+01
8.899053999999997799e+00
-2.131952000000000069e+00
-2.796823899999999696e+01
-9.623776200000000358e+01
-5.053949999999999498e+00
-5.899463599999999985e+01
9.820751599999999826e+01
7.781653599999999926e+01
1.651035600000000159e+01
5.645704000000001166e+00
-2.424024400000000057e+01
7.727173400000000925e+01
8.254637999999999920e+00
2.202871000000000024e+01
7.596773099999998635e+01
5.246885799999999733e+01
-4.583453000000000443e+00
1.054259099999999982e+01
2.058864000000000516e+01
8.492819999999996483e-01
-1.705835000000000079e+01
-9.464225999999996475e+00
1.145633199999999974e+01
2.774737000000001785e+00
-5.423213400000000917e+01
5.001204000000002203e+00
1.843468999999999980e+01
-1.378875999999999546e+00
-1.975522799999999535e+01
5.224807000000000201e+00
-5.608820000000000050e+01
2.343886000000000180e+01
1.450195400000000134e+01
3.776953200000000521e+01
-5.573112400000000122e+01
3.226059999999999661e+01
4.239199999999999413e+00
2.606629500000000021e+01
-2.226942999999999984e+01
-3.291609600000000313e+01
-2.170085000000000264e+01
-1.041663999999999923e+01
-1.795197399999999988e+01
-6.531730000000001368e+00
-4.177148800000000506e+01
8.644065000000000509e+01
-8.530935700000000566e+01
3.279984499999999770e+01
-3.945342099999999874e+01
5.462285999999999575e+01
-3.371894500000000505e+01
-7.693725200000000086e+01
2.907690399999999897e+01
3.823694400000000115e+01
5.220431999999998851e+00
1.411878800000000211e+01
3.674063000000000301e+01
2.148426399999999958e+01
4.642677600000000382e+01
-4.530194399999999888e+01
-7.269661000000001039e+00
-6.678175999999999668e+00
5.579540000000000077e+01
4.204139999999997102e+00
8.680931999999998538e+00
7.651276400000000422e+01
-5.743830000000000879e+00
7.008269599999999855e+01
-6.652345000000000397e+00
-1.322438999999999965e+01
-1.854803300000000021e+01
1.161755999999999922e+01
-5.687310399999999788e+01
5.781679999999997932e-01
-3.973291799999999796e+01
-3.952109600000000000e+01
-1.454520000000002256e+00
-4.875393399999998678e+01
-2.947932699999999784e+01
-1.981326299999999918e+01
-5.715552000000000277e+01
-4.543724999999999881e+01
-4.092768800000000340e+01
-9.163822400000000812e+01
6.749252099999999643e+01
-1.296370200000000317e+01
-1.516040800000000033e+01
-9.890948400000000618e+01
2.319015399999999616e+01
-9.555593000000001780e+01
-1.972762499999999974e+01
4.311712899999999138e+01
-5.038305700000000087e+01
2.727391400000000488e+01
1.114893000000000178e+01
8.857342000000000937e+00
1.086487600000000064e+01
-3.355095999999999190e+00
-1.377884799999999821e+01
-1.059237099999999998e+01
-1.724335999999999913e+01
2.102978500000000039e+01
7.118017599999998879e+01
7.252740000000001075e+00
-5.177918600000000282e+01
2.432211999999999819e+00
-3.545470500000000413e+01
1.538795199999999674e+01
2.058805700000000272e+01
7.755332000000001003e+00
1.759141999999999939e+01
-1.477238000000000051e+00
1.990955800000000053e+01
-1.731325299999999956e+01
-3.153010400000000146e+01
4.487347000000000641e+00
1.446557699999999969e+01
4.305552000000000135e+01
2.673593899999999479e+01
-4.818789199999999795e+01
6.353634000000000981e+01
6.220677799999999280e+01
-6.922143999999999409e+00
7.978177200000000369e+01
4.125484999999999758e+01
-3.109600999999999615e+00
7.399050599999999633e+01
2.522794399999999726e+01
-2.577938599999999880e+01
5.723280199999999951e+01
-4.256653600000000637e+01
1.147286299999999848e+01
-2.151540199999999814e+01
-1.392613799999999813e+01
-3.867262499999999648e+01
-8.387125000000001052e+00
-1.438419399999999904e+01
8.971260000000002677e+00
-1.398933800000000005e+01
9.760543999999995890e+00
-2.031842000000000326e+01
2.658279999999999887e+01
-2.169873199999999613e+01
-2.172768000000000299e+01
-2.040354999999999919e+01
-1.171164100000000019e+01
3.923685200000000606e+01
1.629231300000000005e+01
2.675290999999999997e+01
2.013810000000000144e+01
3.938060000000002114e-01
8.298885500000000093e+01
-4.245231600000001038e+01
-1.742015100000000061e+01
-3.619979999999999620e+01
-1.262857200000000013e+01
1.113914299999999713e+01
-2.670462300000000511e+01
-1.216133000000000131e+01
-6.910064000000001094e+00
3.004021699999999839e+01
8.233881599999999423e+01
2.316304599999999780e+01
3.333449900000000099e+01
1.637411200000000022e+01
1.105372700000000030e+01
-3.533076100000000253e+01
-7.793814999999998605e+00
-1.733952000000000027e+01
4.657880999999999716e+00
-1.881570100000000068e+01
-7.380542999999999410e+00
1.681548400000000143e+01
5.201294199999999535e+01
1.709897999999999740e+01
-6.241640000000000299e+00
-2.938296500000000222e+01
-4.780849999999999511e+01
6.794406200000000240e+01
-4.491614200000000068e+01
2.618473000000000184e+01
-3.896484600000000142e+01
-6.680274399999998991e+01
7.923572900000000629e+01
7.730917999999999779e+01
7.336551999999999296e+00
-6.108984900000000096e+01
3.760841200000000129e+01
-5.770809999999999995e+00
1.044054800000000327e+01
1.098696999999999768e+01
-2.859822999999999560e+00
1.198300000000000587e+00
4.554099999999999149e+00
2.307933500000000038e+01
-1.237114000000000047e+01
-5.904818099999999959e+01
1.101543099999999598e+01
4.023463900000000137e+01
-4.870849200000000678e+01
5.761015999999999693e+00
-3.671963200000000427e+01
2.269511800000000079e+01
3.971039999999996795e-01
-2.876129499999999695e+01
9.019208000000000425e+01
-9.418436999999995507e+00
6.710359999999997882e+00
2.068704100000000068e+01
-3.590731399999999951e+01
5.570312400000000252e+01
-2.553611599999999981e+01
-2.221930599999999956e+01
6.592592299999999739e+01
4.544346900000000744e+01
-8.455196000000000822e+00
-4.160473000000000532e+00
5.573412799999999834e+01
2.224922400000000167e+01
7.401557499999998413e+01
5.590668099999999896e+01
-7.631120000000001014e+00
2.189459999999999695e+01
1.278589799999999954e+01
1.235218799999999817e+01
-1.123945200000000000e+01
9.421151000000001829e+00
-7.912554000000000087e+00
3.445695000000000618e+01
-1.031902560000000051e+02
-2.775970399999999927e+01
5.439295000000001323e+00
2.624515499999999690e+01
7.067356000000000193e+00
-7.074908000000000641e+00
4.666220799999999969e+01
-1.776561399999999935e+01
3.952622699999999867e+01
7.669986999999999888e+00
-6.094279999999999475e+00
1.888880799999999738e+01
1.679223999999999961e+01
4.446450000000000102e+01
-2.163613999999999926e+00
5.616379999999999484e+01
-3.984580400000000111e+01
2.431088399999999794e+01
3.572932199999999625e+01
2.280135800000000046e+01
3.242719899999999456e+01
2.907852000000000103e+01
-1.793169800000000436e+01
-9.488475999999998578e+00
-1.542075700000000182e+01
5.153136800000000051e+01
1.814666099999999815e+01
-2.044373699999999872e+01
8.575174599999998293e+01
-8.157313000000002035e+00
3.693822000000000116e+01
-3.424028400000000261e+01
2.979135199999998918e+01
1.025552000000001129e+00
1.243598299999999846e+01
-6.740110000000001378e+00
5.757096000000001368e+01
4.367673600000000533e+01
9.801807999999999410e+00
4.170766000000000417e+01
-1.196269000000001359e+00
1.595100000000000406e+00
5.480900000000000105e+00
1.520944000000000074e+01
-6.371988000000001762e+00
4.485470000000004731e-01
2.605318799999999868e+01
1.880623999999999896e+01
-1.710647200000000012e+01
-2.349544999999999817e+01
-2.716178999999999633e+01
8.616056000000000381e+00
6.439745499999999367e+01
-1.318161200000000122e+01
-5.025811199999999701e+01
-8.318585999999999814e+00
-3.856498200000000054e+01
2.321500799999999742e+01
1.250376800000000088e+01
5.860337999999998715e+01
2.457466499999999954e+01
4.746395800000000520e+01
3.206465799999999433e+01
4.171284799999999393e+01
4.511596999999999724e+01
1.259619999999999962e+01
1.576567999999999969e+01
5.184523999999999688e+00
1.354975799999999886e+01
1.309567499999999995e+01
-3.433959999999999901e+00
-3.160521999999999920e+01
-5.512004999999999377e+00
-9.718043500000000279e+01
-4.129520000000001190e+00
2.944910800000000606e+01
-2.672515199999999780e+01
-1.263996800000000142e+01
-3.147135100000000207e+01
4.508872500000000372e+01
1.987239999999999895e+01
1.304555000000000131e+00
-6.086529999999999774e+00
-5.837250000000000050e+00
1.357839999999999492e+00
3.798234999999999673e+01
-3.660112000000001586e+00
8.386450800000000072e+01
4.416260000000002961e-01
6.034807999999999062e+00
-6.593886700000000189e+01
-4.885719199999999063e+01
-1.567165599999999870e+01
-4.036613599999999735e+01
4.070985000000003851e+00
3.283024199999999837e+01
2.123161199999999837e+01
-1.720879000000000048e+01
1.755449099999999873e+01
-2.734999999999999432e+00
-4.530307999999999424e+01
-9.552751999999998134e+00
2.103858400000000017e+01
5.630912000000000006e+01
9.096759000000000128e+01
5.564227000000000345e+01
3.573773899999999770e+01
-1.098788800000000165e+01
-2.491016899999999623e+01
-4.370255999999999474e+00
4.879508600000000484e+01
-4.146911200000000264e+01
-1.576641000000000403e+00
1.544098299999999924e+01
-1.605812499999999687e+01
-4.705083999999999378e+01
2.161015199999999936e+01
4.523100500000000324e+01
1.304606700000000075e+01
-2.398640000000000327e+01
7.796850000000001835e+00
-1.128989999999998162e+00
-4.228762799999999089e+01
3.230374499999999927e+01
7.150230000000000530e+00
3.994075200000000336e+01
4.152418000000000831e+00
6.805509999999999593e+01
-2.795607700000000051e+01
-1.568499199999999938e+01
-2.167170000000000130e+01
-2.439603999999998329e+00
1.347060000000000102e+01
-2.238014400000000137e+01
6.094340000000002533e-01
2.360949499999999546e+01
-2.219547299999999979e+01
-2.230992000000000530e+00
5.674304000000001125e+00
-1.885294400000000081e+01
1.385600999999999772e+01
3.003950400000000087e+01
3.279222400000000448e+01
1.429270600000000080e+01
3.755530699999999911e+01
7.968073999999997881e+00
-6.100773599999999419e+01
2.734901999999998168e+00
2.101544900000000027e+01
-3.205442600000000652e+01
-1.635318399999999883e+01
4.519999999999999574e+01
-6.266240000000000521e+01
-6.809265600000001939e+01
3.515000000000000568e+00
-3.446075400000000144e+01
5.216236000000000317e+00
2.066517199999999832e+01
-8.416739999999999000e+00
2.326927200000000795e+01
-4.492361000000000715e+00
-5.182008500000000595e+01
-4.419700000000000273e+01
-6.299900000000000233e+01
-9.320874999999999133e+00
-8.926565000000003636e+00
-6.514825399999999433e+01
-1.920257999999999754e+01
-3.366800500000000795e+01
4.045802000000000476e+01
7.099572000000000216e+00
-2.529706399999999888e+01
3.273964800000000253e+01
-1.803669999999994999e-01
9.592138999999999527e+00
-4.272231399999999724e+01
4.460268600000000561e+01
1.236420000000000385e+01
-2.216443999999999193e+00
1.902130999999999572e+00
-1.287699100000000030e+01
-3.155618000000000123e+01
5.125169000000001063e+01
9.251549199999999473e+01
1.178569999999999673e+01
-5.434159800000000473e+01
9.980045999999994422e+00
9.653148000000000195e+01
-5.986354000000000397e+00
-5.595951000000003006e+00
3.952589199999999892e+01
4.319562900000000383e+01
1.452161500000000061e+01
5.113405000000000200e+00
-7.731995000000003060e+00
1.587628399999999829e+01
-2.819887600000000205e+01
3.916651999999999134e+00
3.046000000000001151e+00
-3.691994000000000220e+00
-2.393661600000000078e+01
-2.091292999999999402e+00
1.896191800000000072e+01
5.560649999999999693e+01
6.402372000000001506e+00
-1.441540400000000055e+01
-3.439869600000000105e+01
1.670824599999999904e+01
2.535754800000000131e+01
1.843756499999999932e+01
3.392524299999999471e+01
-4.449080800000000835e+01
6.454914999999999736e+01
-3.352089600000000047e+01
8.636990299999999365e+01
-5.785744999999998583e+00
3.876113600000000048e+01
4.669951000000000363e+01
7.972450000000000259e+00
1.919251500000000021e+01
-1.686253999999999920e+01
-2.072459100000000021e+01
-1.101223599999999969e+01
1.611880000000000024e+01
1.484369999999999834e+01
-2.461449999999999960e+01
-2.133406199999999941e+01
-3.022103999999999857e+01
-4.392817000000000149e+01
2.899876599999999982e+01
1.589843099999999865e+01
-1.486064800000000474e+01
2.215130400000000321e+01
-5.858230000000000715e+00
-1.270199999999999108e+00
-2.685738800000000026e+01
-4.944044000000001660e+00
6.334486100000000874e+01
4.857635000000001035e+00
-1.428370800000000074e+01
-2.000729999999997233e-01
6.370065999999999207e+01
2.059499999999999886e+00
-7.648654099999998834e+01
4.861879799999999818e+01
-6.676533999999999303e+00
-5.425186600000000681e+01
-1.000467999999999904e+02
-5.807459199999999555e+01
1.870846000000000231e+01
-2.445187999999999562e+01
-8.016001000000001042e+00
1.024517999999999951e+01
-6.251055999999998392e+00
-4.912179999999999325e+00
-2.016917199999999966e+01
4.164610000000000412e+01
-2.457458999999999705e+01
-5.794031999999999627e+00
5.649363499999999050e+01
-1.925214000000000425e+01
1.309299200000000063e+01
-6.389778599999999642e+01
-1.681398600000000343e+01
7.241537499999999739e+01
3.374959699999999430e+01
-3.539324400000000281e+01
1.798592000000000013e+01
1.250804600000000022e+01
9.648925000000000196e+00
-1.215747000000000000e+01
-2.402955400000000097e+01
3.905377399999999710e+01
-3.685090999999999450e+00
-4.148145000000000238e+01
1.119634399999999985e+01
-5.569954199999999389e+01
-3.061025300000000371e+01
5.468342000000000525e+01
-3.442439199999999744e+01
-4.709715999999999347e+00
3.520736800000000244e+01
1.900661999999998741e+00
9.395799200000000440e+01
-2.833521299999999954e+01
4.748381200000000035e+01
-4.517988999999996480e+00
-4.020251599999999570e+01
-2.188741999999999877e+01
-4.638154300000000063e+01
2.288792700000000124e+01
-5.946014999999999873e+01
-1.837448000000000636e+00
5.565395999999999077e+01
1.946768500000000301e+01
5.536880999999999631e+01
4.175954799999999523e+01
-8.361270000000004643e+00
6.764669999999988192e-01
-8.124705600000001482e+01
-7.464987499999999443e+01
3.028658500000000231e+01
-1.693097600000000114e+01
1.486872399999999850e+01
-7.414410000000000167e-01
-9.716656000000000404e+00
-1.273715799999999732e+01
-1.518608700000000056e+01
9.478260999999999825e+00
-2.624410500000000113e+01
-6.430600000000041838e-02
1.923052500000000009e+01
2.188624000000000080e+01
3.781212500000000176e+01
5.515739999999999199e+00
-1.629049500000000350e+01
2.887060800000000071e+01
-1.988537499999999980e+01
1.014299599999999835e+01
5.770069799999999560e+01
-8.165038300000000504e+01
-4.286628000000000327e+01
-2.082638999999999463e+00
1.148947000000000074e+01
4.216004699999999872e+01
-3.950665999999999656e+01
2.573935999999999780e+01
3.654150000000000453e-01
-1.489013500000000079e+01
1.185103999999999758e+01
-6.757143999999999551e+01
-7.498877599999998722e+01
1.705456000000000216e+01
-5.705575799999999731e+01
2.953805000000000547e+01
-5.154753400000000596e+01
1.369919999999999582e+00
-4.936988800000000310e+01
-5.234884799999998961e+01
5.276747000000000298e+01
-8.456015000000000725e+00
9.578381999999999508e+00
1.495126599999999861e+01
-2.451711999999999669e+00
-3.361817200000000128e+01
-4.291600999999999999e+01
1.391610400000000070e+01
6.497372000000000369e+00
-5.998982299999999412e+01
-1.341462800000000044e+01
3.034170200000000150e+01
2.273751299999999631e+01
6.027519999999999101e+00
5.720103800000000405e+01
6.382249600000000100e+01
-5.604775000000000063e+01
2.513514399999999682e+01
-3.447658499999999293e+01
-5.104230799999999846e+01
-4.700688000000000422e+00
7.654696000000000389e+00
2.795990999999999005e+00
-6.384735399999999572e+01
9.168452000000000268e+00
-1.391981099999999927e+01
1.304447000000000045e+01
5.550159999999999982e+00
-5.397574000000000183e+01
-3.140650000000000475e+01
1.247812800000000166e+01
-6.811214000000001434e+00
-6.283165599999999529e+01
1.624056000000000211e+01
6.105842100000000272e+01
-5.254035000000000011e+00
1.185115499999999855e+01
-1.090796600000000183e+01
-3.043231999999999715e+00
-4.383240999999999943e+00
2.138217399999999913e+01
2.134506999999999977e+01
-2.335494800000000026e+01
3.384464000000000361e+00
1.243952899999999850e+01
-6.589781000000000688e+01
-9.917225999999999431e+00
1.050842400000000154e+01
-2.335613799999999785e+01
2.891749999999995158e-01
-5.516422999999999632e+00
3.242648499999999956e+01
-1.546130200000000166e+01
4.496634999999999494e+00
4.750687999999999356e+00
7.414400000000000546e+00
3.194532000000001037e+00
-5.577784800000000587e+01
1.023259099999999755e+01
8.338791899999999657e+01
2.514622899999999461e+01
3.063199999999999434e+01
2.927869999999999973e+00
-3.261683999999999628e+01
-1.091428600000000060e+01
-3.514627200000000329e+01
5.078713299999999720e+01
-6.682831999999998551e+00
-7.151510000000005363e-01
9.755316000000000543e+00
-4.637784599999999813e+01
5.746304000000000656e+01
-1.580952599999999819e+01
-4.077457600000000326e+01
-7.873966399999999055e+01
4.483923199999999554e+01
4.551799800000000573e+01
-6.182021999999998130e+00
-5.523397299999999888e+01
-4.729917000000000371e+01
-1.460916999999999888e+01
5.863479999999999137e+00
4.921960399999999680e+01
-3.826222199999999418e+01
1.296479499999999874e+01
-3.653076000000000079e+01
5.702877300000000105e+01
1.318156999999999890e+01
4.957013300000000555e+01
7.314940199999999493e+01
-2.095610400000000340e+01
1.231040000000000312e+01
-2.735564999999999714e+01
3.914961300000000222e+01
7.606027200000001187e+01
-7.131818400000000224e+01
-2.573555199999999843e+01
-1.186862000000000350e+01
-3.950320999999998861e+00
-5.276800000000001489e-01
-5.914679199999999071e+01
-3.180398000000000280e+01
3.586401599999999945e+01
-3.792772000000000077e+01
1.005349400000000060e+01
-1.918052899999999994e+01
-8.543669000000001290e+00
-1.889980000000000215e+00
-2.104461799999999982e+01
-2.794349000000000416e+00
3.453137600000000162e+01
-1.666242400000000146e+01
3.544335000000000235e+01
7.951551999999999509e+00
1.552401700000000062e+01
4.007816399999999391e+01
5.566731899999999911e+01
-7.816646000000000427e+00
-1.072440200000000132e+01
-2.300326900000000308e+01
-4.575665999999999656e+01
-1.553139599999999909e+01
-4.301219999999999999e+01
-6.499296200000000567e+01
-1.626116800000000140e+01
-4.892848399999999742e+01
-4.768954300000000046e+01
-9.240054699999998888e+01
1.469575999999999816e+01
-2.975400699999999787e+01
-2.160781700000000427e+01
-5.725379200000000424e+01
-2.066225200000000228e+01
2.940772000000000119e+01
-4.943282000000000664e+01
-3.237799999999999123e+00
-1.624369000000000085e+01
-2.259993000000001473e+00
-1.256139999999996704e-01
-1.000201200000000057e+01
4.821018500000000984e+01
-1.977080499999999930e+01
-2.340517999999997656e+00
-3.749887799999999771e+01
-1.962094000000000094e+01
1.107674399999999792e+01
2.799177399999999949e+01
-5.391840000000000188e+00
-3.815611999999998005e+00
8.851263800000000970e+01
-5.712175000000002001e+00
-2.497391999999999967e+01
-4.636093999999999937e+00
-5.026799599999999657e+01
-2.904079999999998885e-01
-2.119079999999999941e+01
3.063767199999999846e+01
-7.513436000000001336e+00
-6.127881999999999607e+01
1.149279999999999902e+01
-2.358680000000001442e+00
-5.976633600000000257e+01
-1.712021600000000277e+01
-4.602996999999998451e+00
-1.478838000000000008e+01
-8.762350800000000106e+01
-2.413452000000000197e+01
2.604028399999999976e+01
3.571666000000000452e+00
-3.938321200000000033e+01
2.402672499999999900e+01
7.706647599999999443e+01
8.150398400000000265e+01
5.622290199999999061e+01
1.151285999999999987e+01
6.748689000000000604e+00
2.706307000000000329e+01
-9.075669599999999093e+01
-1.125391400000000175e+01
-6.553468399999999860e+01
1.475689500000000010e+01
-1.595898399999999917e+01
1.350573499999999960e+01
4.892976199999999665e+01
2.310122900000000357e+01
-1.003792499999999954e+01
-2.209756000000000142e+01
1.775230799999999931e+01
-9.355679999999999552e+00
2.036130000000001772e+00
-1.038228900000000010e+01
5.680061199999999388e+01
1.319824200000000047e+01
1.972690199999999905e+01
5.321864599999999967e+01
2.098901999999999646e+01
-2.819527999999999679e+01
-2.774150000000000560e+00
2.147012500000000301e+01
7.366971999999999632e+00
-7.210010000000000030e-01
2.484159999999993595e-01
-5.739390000000000214e+00
3.031872800000000012e+01
5.829431200000000501e+01
5.914223999999997261e+00
9.039549000000000945e+00
-5.888658399999999205e+01
-5.108615799999999751e+01
9.047171999999999770e+00
-3.349846999999999753e+01
1.809188800000000086e+01
2.137232000000000198e+01
-6.124526400000000592e+01
-1.081824399999999997e+01
3.328799400000000475e+01
2.724198000000000164e+01
4.518099999999999739e+01
-1.864389999999999326e+00
7.637654000000000565e+01
9.109674000000000049e+00
2.955879200000000040e+01
2.677877000000000507e+00
-3.815329999999999444e+00
-1.215237500000000104e+01
-2.148702000000000467e+01
-2.449731999999999843e+01
-2.250849699999999842e+01
-3.860175199999999762e+01
-5.051749999999999829e+01
2.418465199999999626e+01
4.150221999999999412e+00
-9.335419999999999163e+00
-2.346918000000000148e+01
-4.205363900000000399e+01
2.929592000000000418e+00
-9.155608000000000857e+00
3.490208000000000510e+01
1.162128099999999975e+01
-3.422359999999999847e+00
-7.102087199999999712e+01
4.223012800000000055e+01
9.914533999999999736e+00
1.853905900000000173e+01
3.077141199999999799e+01
-3.803540000000000276e+01
2.913819799999999915e+01
-3.751830499999999802e+01
-6.870242399999999350e+01
-9.433773699999998996e+01
-3.674954400000000021e+01
2.893375000000000696e+00
-2.444329400000000163e+01
-2.144873999999999725e+01
5.282232000000000482e+01
-9.050409999999999400e+00
3.954775999999999669e+01
-3.841162399999999622e+01
2.898143999999999920e+01
-6.818580000000000751e+00
-6.175408800000000298e+01
3.228098500000000115e+01
-2.208874000000000137e+01
-2.257002100000000056e+01
1.564125300000000074e+01
3.556468499999999722e+01
1.356897000000000020e+01
-2.174559800000000109e+01
-4.521085800000000177e+01
2.528212699999999558e+01
9.596929999999996852e+00
-2.351905000000000001e+01
1.123198400000000063e+01
-6.923091599999999346e+01
4.663474999999999682e+01
-1.419720199999999899e+01
-2.743232999999999588e+00
8.321272000000000446e+00
2.768048000000000286e+01
1.364522000000000190e+01
-7.161585999999998897e+00
3.886409399999999437e+01
-2.945369399999999871e+01
-1.345350799999999936e+01
1.255619999999999514e+00
-8.134042999999998358e+00
3.166427199999999686e+01
-4.283691800000000427e+01
1.351572499999999977e+01
-3.064540000000004483e-01
-1.602503599999999651e+01
-7.698707000000000633e+00
-6.636215899999999124e+01
-9.566045000000000798e+00
-4.806976000000000226e+01
-4.948750600000000333e+01
6.750930800000000431e+01
-5.757279999999999731e+00
-3.626899999999999835e+01
1.492560500000000268e+01
3.430117200000000111e+01
-4.924790499999998872e+01
-2.839967999999999826e+00
-1.722249399999999753e+01
-6.296037499999998488e+01
2.061607599999999962e+01
2.996251800000000287e+01
2.757871999999999701e+01
-9.661099999999992471e-01
-4.190385200000000054e+01
-1.243067200000000128e+01
-7.390670000000000073e+00
-2.885598999999999847e+01
-1.474403699999999873e+01
-1.577990000000000137e+01
7.017517999999999745e+01
-5.917583299999999724e+01
1.359722899999999868e+01
-5.520067099999999982e+01
-1.102666200000000174e+01
4.590258799999999439e+01
3.402638100000000065e+01
-3.022024000000000044e+01
4.004017000000001048e+00
3.607498000000000360e+01
-3.167041499999999843e+01
3.618574999999999875e+01
8.719413999999998666e+00
8.071740000000000137e+00
-5.410331200000000251e+01
2.646047200000000288e+01
7.850119999999999720e+01
-4.112094000000000804e+00
2.029975599999999858e+01
6.252813499999999181e+01
-7.607511699999999166e+01
2.053489700000000084e+01
-1.486885999999999974e+01
1.668269199999999941e+01
1.461835699999999960e+01
1.306348200000000048e+01
-5.705530999999999153e+01
1.585959200000000102e+01
-1.030473999999999890e+01
-6.752010000000000289e+00
-1.120727199999999968e+01
-1.330392300000000283e+01
5.462123000000000062e+00
-3.262344000000000221e+01
-2.869679999999990017e-01
5.777914799999999929e+01
-1.432544999999999957e+00
-5.491506399999999388e+01
-5.150835800000000120e+01
-2.450743999999999545e+01
7.393144599999999400e+01
-5.486144000000003018e+00
-2.037498500000000234e+01
-4.940325000000000522e+00
-5.532778199999999913e+01
-3.329825799999999703e+01
-1.555505100000000240e+01
3.003781800000000146e+01
-3.956053999999999604e+01
-2.857361500000000021e+01
-7.911171999999999116e+01
2.582837199999999811e+01
9.630165000000000930e+01
-3.215386600000000072e+01
-4.459186000000000760e+00
9.633649999999995828e-01
2.199322000000000088e+01
-2.738348799999999983e+01
-5.739456099999999594e+01
-8.726238999999999635e+01
-4.139536799999999772e+01
8.380632000000000303e+00
-3.981720000000000148e+00
-1.224389500000000019e+01
-4.196381999999999834e+01
2.276625599999999849e+01
3.061776799999999454e+01
2.915888800000000458e+01
-1.520248000000002264e+00
1.226739000000000068e+01
-6.704386999999998764e+00
-2.526517899999999983e+01
5.314104899999999532e+01
1.016436400000000084e+01
-1.682015200000000021e+01
-2.693806599999999563e+01
-2.658399999999980778e-01
-2.568757599999999996e+01
3.851808999999999372e+00
6.086602500000000049e+01
-7.141267400000000976e+01
-9.422299999999994569e-01
2.002437000000000111e+01
3.939687499999999432e+01
-8.472345000000000681e+00
-2.566767000000000110e+01
2.048919999999999320e+01
-8.296649999999997860e+00
2.809694600000000264e+01
-3.253800000000000381e+01
1.705987200000000215e+01
9.413040000000000873e+01
5.753477999999999781e+01
4.879794299999999652e+01
-1.669885199999999870e+01
5.512635399999999208e+01
-6.784527999999999892e+00
-1.319302499999999867e+01
-6.734650000000002024e-01
-1.169876499999999986e+01
-1.309165999999999919e+01
-4.670088799999999907e+01
2.827854400000000368e+01
3.912495200000000040e+01
-3.789271999999999707e+01
-1.667926800000000043e+01
2.607091600000000042e+01
7.437434000000001788e+01
8.272344000000000364e+00
-1.668954999999999700e+01
-1.147844100000000189e+01
-7.867085199999999645e+01
-2.414235999999999649e+01
-9.196216499999999883e+01
7.130557800000001123e+01
2.310249999999999915e+01
5.194822599999999113e+01
1.026808159999999930e+02
-3.857709000000000277e+00
-2.415836800000000295e+01
1.174006400000000028e+01
2.462653999999999854e+01
-6.777143000000000583e+00
8.264617400000000202e+01
-1.018475800000000042e+01
-1.811242600000000280e+01
-4.254789999999999850e+01
-1.677863799999999728e+01
-3.232058800000000076e+01
3.190043699999999660e+01
2.811384600000000233e+01
6.875934000000002655e+00
-3.974815300000000207e+01
-5.646896999999999878e+01
8.957023999999998765e+00
3.803661000000000314e+01
-3.844131899999999291e+01
3.315674200000000837e+01
2.104323399999999822e+01
-4.290968000000000160e+01
-3.940007999999999733e+00
-1.229294000000000153e+01
-4.160979999999999990e+01
2.588097599999999687e+01
-3.301686500000000279e+01
6.219668999999999670e+01
-1.730654400000000237e+01
-4.223269000000000517e+01
6.908415999999999890e+00
6.063940400000000608e+01
2.151906999999999925e+01
-2.938862999999998227e+00
-2.205060900000000146e+01
1.829597499999999854e+01
-3.155804999999999794e+01
1.411555299999999846e+01
-4.400270000000000437e+01
-4.788153999999999400e+01
-7.301399999999998336e+00
-7.812903999999999627e+00
-2.276153200000000254e+01
-1.832480799999999732e+01
7.995763699999999119e+01
1.650095699999999965e+01
-4.562505600000000072e+01
-4.628686100000000181e+01
7.278238999999999237e+00
-5.295842999999999989e+01
-6.956291999999999121e+01
2.495548000000002098e+00
-2.648618199999999945e+01
-1.713886000000000021e+00
2.782274400000000014e+01
-6.904306000000000054e+00
6.963214000000000681e+01
-3.692476999999999521e+01
-1.075185500000000083e+01
-7.922835000000000960e+00
-5.358539999999999637e+00
9.501007999999998788e+00
7.585464000000000340e+01
-1.069642400000000038e+01
2.117464400000000069e+01
-4.418378400000000283e+01
4.529916000000000764e+01
-1.724160000000001247e-01
-7.180760999999999505e+00
-4.492857000000000767e+01
9.218716999999999828e+00
-3.698396799999999729e+01
-1.747164999999999679e+01
-8.606158799999998621e+01
4.767395299999999736e+01
3.305142399999999725e+01
1.168169600000000052e+01
-4.101720000000000255e+01
-2.091177599999999970e+01
-4.721726400000000012e+01
4.080067000000000377e+01
-2.464431999999999690e+01
-5.568579799999999835e+01
-3.377180000000000959e+00
-4.112772599999998846e+01
3.572750400000000326e+01
-5.632799999999997809e-01
-1.187355999999998746e+00
-3.610516800000000615e+01
3.399613999999999692e+01
-4.431178500000000753e+01
9.870590000000001307e-01
3.677311199999999758e+01
-2.143948899999999824e+01
1.585528800000000160e+01
-6.514050600000000202e+01
-2.643399000000000143e+01
-1.229725999999999875e+00
6.302590000000005688e-01
8.850364000000000431e+01
4.704447999999999297e+01
-5.068361000000001226e+00
-3.155413599999999974e+01
3.715595400000000126e+01
-2.923582499999999840e+01
-5.598937100000000555e+01
-5.011951299999999776e+01
-2.306581999999999688e+00
-1.018573900000000165e+01
-7.758840000000001069e+00
2.678439999999999799e+01
2.943304999999999438e+01
1.679235800000000012e+01
1.443443000000000076e+01
-5.230735200000000162e+01
7.090355199999999058e+01
3.265513599999999883e+01
1.123628000000000071e+01
3.701442200000000327e+01
3.036437999999999704e+01
-2.942416400000000110e+01
7.791907999999998502e+00
-5.688220000000000276e+00
-9.174461000000000865e+00
-1.269263399999999820e+01
-3.240832999999999942e+01
-2.527906399999999820e+01
-9.054883999999999489e+00
-1.256450000000001399e+00
-1.199170400000000036e+01
-1.559431999999999974e+01
-3.893453999999999837e+01
4.966048900000000543e+01
-9.823739999999999029e+00
9.249511199999999178e+01
2.141402499999999876e+01
-3.255314800000000020e+01
-3.962335000000000207e+01
-1.279943999999999527e+00
-2.769076700000000102e+01
9.516503999999999408e+00
9.948459999999998971e+00
-2.609626599999999996e+01
5.348796000000000106e+00
1.849269999999999747e+00
-2.984008700000000402e+01
-2.508889599999999831e+01
-4.184063000000000088e+00
-1.171644700000000050e+01
-4.454413299999999509e+01
4.086853500000000139e+01
9.001290199999999686e+01
-6.046612299999998896e+01
9.196359999999998536e+00
-4.347000000000000597e+01
1.533203999999999567e+00
2.222599999999999021e+00
1.055445600000000006e+01
-6.255060000000001175e-01
-3.866320400000000035e+01
2.327210300000000487e+01
2.820873999999999882e+01
4.938156000000000212e+00
-7.427441000000000315e+01
7.048790999999999585e+00
-2.974364299999999872e+01
1.211202800000000046e+01
-1.629968600000000123e+01
6.804877599999998949e+01
1.798108799999999974e+01
-1.057972000000000357e+00
7.515341200000000299e+01
-4.635060000000000002e+01
1.114464399999999955e+01
3.186621000000000592e+00
4.572192999999999508e+00
1.711254899999999424e+01
-2.855692400000000220e+01
-1.845270000000000188e+00
4.229490499999999997e+01
-9.461549999999991911e-01
2.167136999999999425e+00
3.302660099999999943e+01
4.942255000000000109e+01
4.678693600000000430e+01
8.205238999999998839e+00
4.287975600000000043e+01
6.081459999999999866e+00
2.893560599999999994e+01
1.951015999999999195e+00
4.719764299999999935e+01
-1.848761999999997130e+00
2.020211000000000112e+01
1.744263899999999978e+01
6.781597999999999615e+01
1.865426999999998614e+00
-3.662546399999999380e+01
1.868761999999999901e+01
-6.554124200000001110e+01
2.153642200000000173e+01
-9.005902999999999992e+00
6.564690000000000225e+01
-5.079572499999999735e+01
-3.465465399999999363e+01
-1.936962700000000126e+01
5.658775499999999425e+01
1.572190699999999808e+01
-3.553539999999999033e+00
-1.760682399999999959e+01
-7.949191999999998259e+00
-2.630888999999999811e+01
-6.653730799999999590e+01
2.752492000000000161e+01
-1.753625000000000256e+01
-3.563200000000000145e+00
3.152240000000006148e-01
2.546772399999999692e+01
-1.694959200000000266e+01
2.013794400000000095e+01
-1.214605200000000096e+01
2.035686599999999657e+01
-1.442557599999999951e+01
7.895239999999998481e+00
1.236483600000000038e+01
-6.544452499999999873e+01
2.680816599999999994e+01
4.121719699999999875e+01
1.209818000000000104e+01
2.488446099999999817e+01
-6.837748799999999960e+01
1.719750499999999960e+01
7.903181000000000012e+00
-1.038674400000000020e+01
-3.137092500000000328e+01
-2.048543599999999643e+01
-5.467535000000000167e+01
-3.198081800000000285e+01
-1.867896900000000215e+01
-6.854581000000001367e+00
5.824615999999998905e+00
-1.012386389999999921e+02
4.917076799999999537e+01
-5.403620000000000090e+00
-1.331182499999999891e+01
9.384159999999999613e+00
-7.485516000000000503e+00
-1.705168399999999806e+01
1.029734999999999623e+00
-4.161332000000000697e+00
-1.321161999999999992e+01
4.988997999999999600e+00
1.133702399999999955e+01
4.951742099999999880e+01
2.546744399999999686e+01
1.749685600000000107e+01
-1.969675200000000004e+01
-4.016166400000000181e+01
-3.391707999999999146e+01
-1.321536400000000100e+01
-2.105905900000000130e+01
-7.305835999999999331e+00
-6.577806000000000708e+00
8.033269200000000865e+01
-5.831460200000000071e+01
5.593056800000000806e+01
-4.707005999999999801e+01
-3.906259000000002146e+00
3.044307999999999481e+01
-4.526399999999988211e-01
5.699363599999999508e+01
-7.738514200000001608e+01
-4.116443999999999548e+00
-5.538253500000000429e+01
4.238533800000000440e+01
3.604395600000000144e+01
-1.459043500000000115e+01
1.169461199999999934e+01
-3.103211600000000203e+01
2.932288799999999895e+01
4.255671199999999743e+01
-2.363449999999999918e+01
4.159748800000000557e+01
2.157625999999999600e+00
2.056306299999999965e+01
2.109700999999999738e+01
-1.884989899999999707e+01
6.227675599999999889e+01
-8.226177799999999252e+01
2.166730799999999846e+01
8.013428000000001106e+00
1.637939200000000284e+01
1.419324799999999875e+01
-1.133878599999999892e+01
-1.764399999999994861e-01
1.294043000000000099e+01
8.038325199999999882e+01
-3.339879200000000026e+01
-3.640055700000000627e+01
-6.084004000000000190e+00
-2.607716000000001699e+00
7.525835299999999961e+01
3.671365199999999618e+01
4.718906000000000489e+00
-2.134146399999999844e+01
4.316205999999999321e+00
-8.925405999999998841e+00
-2.701828300000000027e+01
4.639600000000001501e+00
1.418900999999999968e+01
-1.792730000000000246e+01
8.495121999999998508e+00
5.819857199999999864e+01
-2.570978799999999964e+01
3.726560399999999618e+01
-7.155355999999999028e+01
-8.142779999999996576e+00
2.314884600000000248e+01
9.180619999999999337e+00
-4.095310100000000375e+01
-1.339601000000000042e+01
5.148986800000000130e+01
-1.743704400000000021e+01
-6.912647999999999904e+00
1.735027500000000344e+01
1.106919599999999804e+01
3.489459800000000200e+01
3.757164000000000392e+00
-2.520023300000000077e+01
-7.789746399999999937e+01
4.895620499999999709e+01
2.923586000000000240e+01
-2.596978899999999868e+01
-6.528843599999999014e+01
8.218110000000001136e+00
1.707644000000000162e+01
-1.975648200000000188e+01
5.208010799999999563e+01
-5.414984000000000464e+00
1.442467400000000133e+01
-1.521479400000000126e+01
6.124439999999999173e+01
-4.509811999999999266e+00
-2.854762500000000003e+01
4.737982399999999217e+01
2.005129900000000021e+01
1.116779399999999889e+01
-2.247599999999998488e-01
-3.324356000000000222e+01
1.462092499999999795e+01
-5.424960000000002225e+00
-4.782256000000002061e+00
-8.714667999999999637e+00
3.775808100000000422e+01
-3.087356799999999879e+01
-3.056134999999999824e+00
-1.039207299999999989e+01
6.577999999999995850e+00
-7.986938899999999819e+01
-2.203704000000000107e+00
-1.074612000000000123e+01
2.104133499999999657e+01
5.136345600000000644e+01
-6.464885499999999752e+01
3.730957000000000079e+01
2.365766200000000197e+01
5.602378900000000783e+01
1.757844800000000163e+01
8.630528700000002118e+01
-6.223999999999998423e-01
1.450891200000000225e+01
-5.812972800000000007e+01
-2.933359999999999701e+01
-2.127041599999999733e+01
3.216470000000001050e+00
5.753041499999999786e+01
9.828113000000000099e+00
-2.555357999999999130e+00
7.025551999999999353e+00
-4.617487500000000011e+01
-1.927236800000000017e+01
-1.855449100000000229e+01
-1.217554800000000093e+01
4.870199999999913487e-02
-4.993192500000000678e+01
6.637604000000000504e+00
-5.149424799999999891e+01
-5.226153600000000665e+01
1.541966999999999999e+01
1.225015499999999946e+01
-8.428422999999998666e+00
1.765618800000000022e+01
7.283010999999999235e+00
-1.054920500000000061e+01
5.528499999999999304e+00
3.332457600000000753e+01
-3.703183300000000600e+01
1.214609999999998635e+00
1.836530000000000129e+01
7.526632000000001099e+00
-1.749343199999999854e+01
2.553367599999999982e+01
5.114174000000000220e+00
1.163913799999999910e+01
5.427960999999999814e+00
7.793605000000000338e+00
-1.150670000000001192e+00
4.047950800000000982e+01
-7.900350000000011530e-01
2.017025199999999785e+01
-8.119155999999999551e+01
2.919788799999999895e+01
-7.095273999999999859e+00
2.344028000000000134e+01
1.644297599999999804e+01
1.459423500000000118e+01
-4.418036200000000235e+01
5.304482300000000095e+01
-2.467079999999990392e-01
1.931208000000000036e+00
2.023854800000000154e+01
-3.212442000000000064e+01
-9.200912000000002422e+00
9.311876000000000886e+01
-4.486261400000000066e+01
-5.687694999999999368e+01
2.183655600000000163e+01
